8.027833670507357189e-01 1.160590225078526494e+00
4.114316502911024021e-01 1.256652158049127443e+00
5.651883925474734394e-01 1.100211726491130415e+00
5.549764323857303561e-01 1.025809371775117995e+00
8.872003330658012610e-01 1.289144909810397754e+00
2.680936795431110298e-02 8.461112505881969170e-01
3.775271399650654836e-01 6.596060251783167905e-01
4.501284278635399039e-01 8.732188301756321769e-01
9.871024302588863319e-01 1.407577340579279968e+00
7.052921701500215468e-01 1.392060040020166367e+00
8.645510652142369690e-01 9.174378956588905565e-01
8.455406894744315061e-01 1.112172052928659394e+00
9.994890504338216353e-02 2.460118872907151033e-01
8.910533047102181525e-01 1.011717007479579600e+00
2.902664140537918325e-01 9.928972602109901180e-01
6.418102369006616348e-01 1.187456106251110644e+00
2.974660484170698060e-01 1.231615470081360630e+00
6.383773184395711286e-01 1.115317194086999919e+00
3.820841138541821724e-01 1.317937388915073171e+00
2.220964297986586233e-01 8.733617609988607589e-01
8.225975405000016671e-01 1.265491186800480117e+00
8.566413367872984796e-01 1.009104569114217753e+00
8.077652781336571719e-01 1.714547456896550415e+00
8.519326021352856548e-01 1.301185168980799833e+00
3.729640993108640501e-02 2.195241392833358063e-01
5.417921466754417326e-01 1.200811535143605724e+00
7.065821654925734663e-01 1.243728881980936674e+00
2.604824531019109823e-01 3.379442541707693426e-01
2.011974367512318063e-01 4.785637336449348744e-01
7.195050161495242236e-02 7.235139370577454709e-01
6.863432583287766287e-01 1.559338347329832120e+00
2.602733594854895749e-01 8.253254491399770743e-01
4.253497230598964896e-01 6.707099070489729309e-01
1.652986057589828084e-01 1.105375902647669939e+00
9.721165694739419827e-02 7.456456315258682688e-01
5.141552650457061890e-01 8.745280081701858332e-01
2.607759649770822197e-01 1.196504492218838589e+00
8.126416718334145139e-01 9.028851023463417835e-01
4.637009284779228802e-01 7.868806876100854497e-01
2.201122080594930530e-01 7.291772765611342910e-01
4.962132012221017741e-01 1.061582601415653748e+00
6.189012695880115045e-01 9.771231453221326246e-01
5.685820260519565128e-01 1.055117483445728865e+00
6.265738460580039249e-01 1.298340534190125073e+00
7.130996171351433599e-02 6.388232081755311764e-01
4.610024657264807368e-01 1.298913206475674986e+00
2.459938920577364740e-02 9.321181628443703238e-01
6.946795933192168038e-01 1.440298386371813066e+00
7.617215577500899837e-01 1.317324521506689550e+00
8.811794012407290211e-01 1.596106246780897298e+00
5.147745188181914733e-01 1.218274807781433822e+00
5.566690245652731184e-01 6.626344486618441776e-01
4.107444542802866083e-01 1.076868410579674862e+00
2.285990994286066780e-01 1.129897231367262389e+00
2.054935842449545635e-01 8.985844544720982263e-01
3.151559765850033834e-01 3.670222535043485834e-01
6.832015945647617050e-01 1.015495770794083708e+00
7.096276013066262767e-01 1.252385216566035853e+00
9.897467215677132613e-01 1.499853181580847572e+00
4.311839187105158677e-01 5.998920791239638062e-01
1.361543117645415135e-01 4.391176339578617416e-01
2.673265656061806217e-01 3.622443504132086822e-01
1.261965760556181815e-01 8.206727909446184244e-01
1.863843489514841467e-01 4.015856266831510091e-01
6.182261587669410918e-01 1.007785362076047964e+00
7.881515647433238181e-01 1.344962996669224253e+00
9.622184348469328130e-01 1.260954988011223854e+00
9.663394834988466853e-01 1.706710546122129912e+00
7.651780653506166097e-01 8.925714469050184396e-01
3.079581954178258751e-01 1.111373572646679131e+00
9.092654424458004314e-01 1.464487829059527346e+00
9.981635813413057834e-01 1.067350647339820213e+00
6.007325647474196506e-01 9.599020205441238796e-01
3.877170679581282142e-01 6.973438411350280086e-01
9.116019199309137733e-01 1.118664318050640150e+00
5.573204679720324961e-01 1.341035711279099374e+00
2.313630402449466938e-01 5.400925401055384212e-01
7.085500752535291991e-01 7.524298259790324073e-01
3.301935662457970988e-01 6.904682166017512834e-01
3.939562909230085452e-01 1.329435996197807501e+00
5.320269400885738742e-01 1.377243640899401766e+00
3.223996694327762036e-01 3.586827057508222838e-01
7.257357992017829940e-01 9.443973089624758677e-01
4.566532855056475437e-01 1.042934158390648403e+00
4.960685528959787316e-01 5.829066028743364880e-01
9.370653501671656338e-01 1.749927846501679873e+00
9.778214846715971298e-01 1.217690819135443192e+00
3.359640033809729864e-02 8.112714770710918177e-01
8.732045516497899396e-02 2.081584671367865402e-01
2.492278092663767763e-01 4.913590736093179645e-01
7.893814425871991114e-01 8.827634232449678153e-01
2.947074224569039558e-01 4.579112334331633116e-01
8.989866073256758128e-01 1.074043450650500331e+00
5.676621791886442558e-01 1.523397687943691015e+00
4.418110736031765073e-01 1.325086999283558553e+00
5.437300356854223304e-01 1.440043533155936917e+00
1.963189759469399220e-01 9.152579901778150617e-01
3.300134439766958527e-01 5.103540686183932751e-01
6.061703932305361198e-01 6.245502154058917288e-01
4.541000646738929669e-01 4.787893731352644844e-01
6.532698239134375751e-01 1.237076801642023494e+00
6.581064610380341628e-01 7.649575106653874190e-01
9.411574047043621549e-01 1.873470403528628925e+00
5.569904556106085591e-01 1.174312966806501102e+00
4.895406823207644198e-01 1.006887232734146931e+00
5.431862335224154625e-01 7.680561502599504431e-01
6.447572605685800706e-01 1.455776557829528528e+00
6.362977964545279974e-01 7.118187101432383868e-01
1.036702718370906551e-01 1.042369049751367349e+00
