5.991195464301984908e-01 1.256494913282261816e+00
5.357051633310624394e-01 6.280194611861099618e-01
2.839510765413637561e-01 8.534427560959362280e-01
2.738761228164412476e-01 7.627784682689556783e-01
8.440897387783515837e-01 1.756774389399072600e+00
5.822856225716187550e-01 1.149302561349109908e+00
1.941392511792350284e-01 1.081430850490864515e+00
4.152677866360989789e-01 5.952519884808750161e-01
4.622758601569729731e-01 1.386988380627244499e+00
5.596596530166522143e-01 1.138827387267774327e+00
8.173847846731165934e-01 1.258649901088491507e+00
3.180020037905174624e-01 8.585693219672592136e-01
8.960382821161382294e-01 1.683271797547588378e+00
8.340449697812980512e-01 1.015465557084369141e+00
5.774358951733216117e-01 7.677703096366848001e-01
8.766778756938164996e-01 1.175429596788462483e+00
5.558371209075974040e-01 1.485355709592250495e+00
7.921362903450608339e-01 1.735706257594155311e+00
2.207454525901106912e-01 8.684747485322760197e-01
7.305120648329825883e-01 1.038309019299322067e+00
9.287373859863797820e-01 1.848124191791072679e+00
2.007942216741539498e-01 3.730751911324208248e-01
9.367048864832042687e-01 1.190233013161660303e+00
1.660095383493708221e-01 6.761012114826314701e-01
3.786517394024921934e-01 1.041223389581987124e+00
5.785272710205288105e-01 1.548203564971106783e+00
5.614678005606783540e-01 1.434123757468707350e+00
5.810101750629471651e-01 7.960291904977927491e-01
5.030182416313426774e-01 1.380353105292184024e+00
3.807191365493568513e-01 4.972531132439038659e-01
5.495418691860853855e-01 1.363507823778431938e+00
4.341395062459048049e-01 1.195142559216335609e+00
2.438011696064934508e-02 4.825805649346536219e-01
6.985616948029158557e-01 1.691822884286622974e+00
5.984210219368530925e-01 8.977714680398801717e-01
4.438256362476219463e-01 7.099078531025641015e-01
8.294306229743452219e-01 1.465288628196355747e+00
5.297522185385661331e-02 1.013716988537842756e-01
7.917957884309607675e-01 1.144699069438863903e+00
3.276228847655114906e-01 8.816446517841958208e-01
1.636291802454714617e-01 5.590136326229455666e-01
2.371373257746002272e-01 5.186732138581559015e-01
6.178961208961336604e-01 7.877554501375982898e-01
4.586011729309238394e-01 1.414080017178521498e+00
6.699308459793480441e-01 1.371097834641533453e+00
7.068407151720368375e-02 5.115220846800548893e-01
2.655063470244186652e-01 5.207923624465429224e-01
1.514999390518407818e-01 1.576792661096557691e-01
4.172650361650133144e-01 5.758362110157552172e-01
6.727594711474941258e-01 9.155702156323038965e-01
3.181908436033753507e-01 1.192953574541972817e+00
2.247881163018702333e-01 3.919231290083453612e-01
1.708233365137538096e-01 2.331144092206045570e-01
4.836698806300785414e-01 1.253165113750351001e+00
6.164827319896919455e-01 1.209051209066902999e+00
4.908959317254305565e-01 7.852388447581463149e-01
3.766340108772361361e-01 4.465343703652849827e-01
9.031237052734394366e-01 1.829343247491892477e+00
3.255731379394953828e-01 6.292226079185256893e-01
1.587146132056607151e-01 1.764414059162717763e-01
1.583693145349781561e-01 8.687056568731853501e-01
2.763550809498529492e-01 6.832783201175117727e-01
5.636715364751376800e-01 1.269491257073825707e+00
9.998181571060754669e-01 1.823145125865023530e+00
1.562234285645744958e-01 3.128068012941949139e-01
9.804923934877194380e-01 1.137674881915992309e+00
2.157328533786705416e-01 1.064328534473904408e+00
4.733337110669293413e-01 1.262131757831474133e+00
3.655013399461822798e-01 7.758779729711163808e-01
7.608411298218156205e-01 1.080231596171881359e+00
1.148118947342212648e-01 7.865362298659114293e-01
3.406149977296267783e-01 4.325214703273176919e-01
2.146856148677556142e-02 9.363758836509148420e-01
9.297067443880091542e-01 1.429537726012386045e+00
2.429056192480462117e-01 3.727440227743288315e-01
4.082217379782404620e-01 9.603956119018620674e-01
5.310792975251953374e-01 6.551755439470272613e-01
4.745415775394434821e-02 1.181401536000257213e-01
5.045973486372345995e-02 3.312160767858635113e-01
4.360238150732834717e-01 9.412358957330656528e-01
4.877646605500318699e-01 1.334082151662451476e+00
5.286521597925326610e-01 6.479724047663834030e-01
9.527556304347790661e-01 1.537485057278952016e+00
1.532244950114451942e-01 6.004951562934165432e-01
6.689911489527050614e-01 1.539601681447042569e+00
