3.770322593407743339e-01 7.817994939889090222e-01
6.682390918987068940e-02 9.904672707004597010e-01
8.584821455831539438e-01 1.643640478180601772e+00
2.304858148048669619e-01 9.128113830546993324e-01
4.606566036062492708e-01 1.420993494394543699e+00
5.871229692445423254e-02 7.711361365424184156e-01
7.371562076726195789e-01 1.434379551967328359e+00
5.000860327145782991e-01 8.333241451165697145e-01
3.075114472965859713e-01 4.667689522968216931e-01
4.742831268615502749e-01 7.867697345929030028e-01
8.035929845461687870e-01 8.763868001304029320e-01
2.688612161350470986e-01 8.649922729291420476e-01
6.855076385101644965e-01 1.556390009035129474e+00
1.009439841579151675e-01 1.081397014538227674e+00
8.252064520972341999e-01 1.476845280418410233e+00
8.626990145938295829e-01 1.278807301422364207e+00
2.383803650476764568e-01 1.137957440382763252e+00
9.396453495505204812e-01 9.813470908879553534e-01
8.346037568194505374e-01 1.084734972206753412e+00
4.862385811347268438e-01 1.165057605256585305e+00
9.009825118456528115e-01 1.228682098668369527e+00
7.006416028432940202e-01 1.221430681805496299e+00
9.134710183952049478e-01 1.683715386632995692e+00
8.564859410131923090e-01 1.609366656281193020e+00
6.312392706980436419e-01 7.133576435992545761e-01
9.080229587012271786e-01 1.032733878758539836e+00
8.145554276503397251e-01 1.184365843904746640e+00
5.952042595335155228e-01 9.332833804352997920e-01
4.914809879276305082e-01 1.389726280403385639e+00
1.683715455498496771e-01 4.128758141950762406e-01
5.166458006604617292e-01 1.406251040242274764e+00
8.060101749889783118e-01 1.029026404133619899e+00
8.248883186056935601e-01 1.800190754597564613e+00
8.099440561280016881e-01 1.087256048938371134e+00
7.519128144621856080e-04 2.627867619845626335e-01
9.121127615017632362e-02 7.397635802409640027e-01
8.305581414727352119e-01 1.803768993804774290e+00
5.235229746199119294e-01 1.148985759082551628e+00
3.877492254410267458e-01 6.834343983182228355e-01
6.089275377975638115e-01 9.574458178694170707e-01
6.472390748971339480e-01 1.215572347760203398e+00
1.445854935030836952e-01 5.457509432808710370e-01
3.245820733615583098e-01 6.602869651265557138e-01
3.087961241652004141e-03 7.264495866085002307e-01
7.073586862911882545e-01 1.433110930805965300e+00
5.341248836487776375e-01 8.940469423219962186e-01
4.835980280068995496e-01 8.084064614121800885e-01
9.293018437384360508e-01 1.611986068862291788e+00
4.727352118482395227e-01 6.896849221510543693e-01
3.321176776578849132e-01 9.794931181468949921e-01
7.943969025050188204e-01 1.407888417621992794e+00
2.301065262556601931e-01 3.566915273082431614e-01
7.184399170756260444e-01 1.021948351405895350e+00
5.972743671456751668e-01 6.842666430154898949e-01
5.091428941884285075e-01 8.296211795430531444e-01
2.492022887906060191e-01 8.138303177517204334e-01
9.562396192019377850e-01 1.848820993305190008e+00
8.687414517553785354e-01 1.699502623824765912e+00
4.794534743207001792e-01 1.307043346530681660e+00
3.824242374243356224e-01 7.497424588472330065e-01
6.049757790377243705e-01 6.917321338037177858e-01
6.573210043276892511e-01 1.146710815934557370e+00
1.020289541710384107e-02 9.212467413420956097e-01
9.893305190032943841e-01 1.312922893956536718e+00
3.097825175869524106e-01 1.173213376656605078e+00
1.068848848879692115e-01 4.447111596110872034e-01
5.247007427648338052e-01 1.375293528989870895e+00
9.890625237304522255e-01 1.162425367012953181e+00
4.856172290349628495e-01 6.766387527815530545e-01
3.629898885476396941e-01 1.184133355383910402e+00
4.570252891983904719e-01 1.334727112435062146e+00
8.178212689133856905e-01 1.346064655584634284e+00
6.443922564854425161e-01 1.058878908122084850e+00
2.150627223766582441e-01 1.014483190738118878e+00
1.442340882991066664e-01 5.832971376315494449e-01
9.385272759889079497e-01 1.188340569703847827e+00
8.546018493374295533e-01 1.654818818828997617e+00
6.927160193972033975e-01 9.374560079249489863e-01
4.302962814317325968e-01 5.748811574186730722e-01
6.264417839314823100e-01 1.161797659680105177e+00
7.850488944100101341e-01 9.396558093863056627e-01
7.783781813102778058e-01 1.731821643188410142e+00
1.504327541329298912e-01 3.531175406427733421e-01
4.292293360622642107e-01 1.080692679912593324e+00
4.214990085707653877e-01 4.735281124265561248e-01
5.375267566551099607e-01 1.177326983265337468e+00
5.058498937116194805e-01 7.773972230333553446e-01
3.253880386456693419e-01 4.991320575052586861e-01
8.667032023343410607e-01 9.959114824942203459e-01
6.721972144816170669e-01 1.323352158320453498e+00
6.740670451761773263e-01 7.736575112598116366e-01
5.564518334851136228e-01 1.185527571926928481e+00
6.584591146294099806e-01 8.525887478478801906e-01
4.973916030334641913e-01 8.598379513282575770e-01
9.949095594817474186e-01 1.337425051378091201e+00
6.356062442213507024e-01 1.346422857266523998e+00
2.920859602282607215e-01 7.916806920363683719e-01
6.194894646977330277e-01 1.493315284586542280e+00
5.270109776186246986e-01 7.997921489431815134e-01
2.640199948092487592e-01 5.079766030428209955e-01
5.628178346759016293e-01 6.155574010480502345e-01
1.154000332978566412e-01 6.762448859478106256e-01
6.001424814563752763e-01 1.426872097140719386e+00
3.316748981442232402e-01 7.926104757645829890e-01
1.421462517554524796e-01 3.817766606124687323e-01
4.753487170546325524e-01 6.571117323738874250e-01
4.000739422459860251e-01 8.557979313000750876e-01
8.956800298139085958e-01 1.516520788556461330e+00
8.571381533340020065e-01 1.183849085583597027e+00
7.033119624483898935e-01 1.076921050710384131e+00
9.564919513644427607e-01 1.525348075918833368e+00
5.423727030211346056e-01 8.810232781958995396e-01
8.739317249374055629e-01 1.586247872307489537e+00
3.111571876065081232e-01 8.785155760647309631e-01
2.457403754197134971e-01 8.099441048274391708e-01
3.405507783285920409e-01 1.002405768541803965e+00
3.398893519671407626e-01 4.100557162565536817e-01
2.291346589546128243e-01 1.182885154297695696e+00
8.403971501085633067e-01 1.343653444257416396e+00
