6.435041602916465875e-01 1.130667315010186247e+00
3.256365909396266023e-01 3.503377751126447448e-01
4.841234949381647557e-01 9.497972327114314606e-01
6.365443004320991971e-01 1.148472559253448821e+00
4.550496573502451625e-01 1.230068325824208220e+00
3.361725536404317483e-01 7.920267293166487477e-01
3.579586517905279930e-01 7.673910287097276406e-01
3.988986618912404580e-01 1.022203191528705535e+00
2.618096859872484083e-01 5.237867377580874839e-01
5.979074734393512447e-01 1.306829947943790149e+00
2.080974120013688866e-01 6.821019147413179828e-01
7.597054699068850336e-02 8.364003058135877078e-01
9.764142031718511250e-01 1.904142102158512984e+00
9.481835538954238585e-01 1.861264770691540615e+00
5.440619064892915357e-02 1.041944123578502079e+00
4.503537725986079820e-01 1.343465604246816714e+00
4.452510909034870235e-01 4.868049865872587922e-01
4.102180857909665246e-02 5.874164599555753430e-01
7.666631876567759907e-01 1.478746498309402524e+00
8.258044721069661698e-01 1.501146096435226340e+00
4.921192080167465788e-01 8.563396906851264978e-01
4.445821120323235620e-01 4.485352086935731064e-01
9.996643911805643823e-01 1.955603469255847493e+00
4.597195605077708525e-02 2.743246836858979076e-01
9.536905295104599611e-01 1.860512966895124354e+00
8.681936945694395114e-01 1.791618962341342991e+00
8.940123785735709649e-01 1.142151125094557518e+00
1.055106384861752566e-01 1.015242145255684125e+00
7.802258248884386127e-02 6.876755138709100823e-01
8.705289478582732832e-01 1.104693680342194062e+00
7.851278398905492395e-01 1.016840606310115636e+00
4.803084304790591341e-01 5.625446311483240924e-01
6.920947581654168790e-02 4.080996714136768677e-01
4.162667755352540411e-01 9.723575808042781432e-01
6.871512735045004483e-02 1.029666915303462549e+00
9.799493437258210982e-01 1.947825135343540737e+00
1.298758584368433500e-01 5.966109749914249027e-01
2.870884355900726881e-01 8.842100415438274297e-01
9.875399837632103939e-02 9.693095554345351195e-01
5.114968382640335820e-01 1.178512227562767967e+00
5.390288060261584357e-01 1.529038561089356207e+00
9.858027416665460230e-02 9.348249627279808793e-01
4.987529395008438726e-01 9.744421676725109061e-01
4.049482551569955069e-01 6.912286787184346304e-01
9.001943309102213853e-01 1.344973593989317262e+00
4.099227355861212452e-01 8.529789116327120002e-01
8.016974239531057256e-01 1.521600511399095357e+00
5.372350536477037419e-01 1.227845899902479054e+00
6.360164334135229858e-01 8.143256814962911427e-01
5.735342850945688298e-01 1.522069723873356040e+00
5.844735704333566817e-01 1.293161322662774282e+00
9.330489446934021602e-01 1.228155493389796016e+00
1.102503300847971213e-01 2.354976711708625103e-01
1.101185146287035899e-01 8.446845700860582395e-01
4.987834183360806417e-01 1.224232609849445597e+00
9.741020930765865726e-01 1.342151763340375004e+00
4.423707694560983228e-01 1.343977951362004042e+00
6.364000129662488181e-01 9.551369595757877029e-01
5.649717409359830134e-01 1.484058181181822755e+00
4.738536449445137633e-01 1.254978802259586246e+00
4.117589901804641350e-02 3.507668419143342708e-01
9.786272938527129650e-01 1.361001982128344778e+00
7.461332676306856593e-01 1.340147247720519630e+00
6.644095885742332674e-01 1.596546883220348434e+00
8.701900060892253652e-01 1.679962480516461465e+00
2.004958735776769529e-01 2.163556595080007305e-01
4.757649289872181164e-01 1.213801726717839813e+00
7.748776300563586794e-02 7.802333502995607573e-01
4.412898170929708819e-01 1.167473792492188966e+00
5.191899285628744920e-01 6.509326244769180203e-01
9.131964180545507626e-01 1.094326317108510693e+00
9.336886455240498428e-01 1.337214799904133944e+00
5.325655109815605748e-01 9.693539117915945802e-01
4.497781771399299577e-01 1.165841218258234058e+00
7.261651732778597879e-01 8.507491842002774529e-01
5.331229081562631755e-01 1.520165460218712905e+00
1.890591936966575792e-01 5.719317209840814042e-01
7.020928720102415088e-01 1.017220726276198306e+00
7.619677409565533965e-01 1.719726221868966620e+00
5.502874978884201296e-01 7.899189329098388335e-01
9.344680999825898393e-01 1.207507957088360229e+00
7.512749893269018431e-01 9.895093258612056575e-01
7.249390588670423519e-01 1.286071143159669194e+00
3.762727309109401563e-01 6.156509481779577353e-01
3.811410444042471202e-01 5.953032490098304486e-01
6.001180877104160816e-01 9.864270323006150143e-01
7.934583068609368794e-02 6.225451876972099008e-01
5.693435587786497276e-01 1.464215600097031000e+00
8.175165967128302791e-01 1.071883785655121324e+00
3.082820932475331954e-01 7.524286809069712367e-01
2.459324885550671080e-01 7.155881614913668365e-01
2.779000925638384079e-01 1.174468672531980395e+00
1.827492741109734142e-01 2.662606464360616210e-01
6.007694041652446026e-01 1.473332148047951096e+00
6.870839621997182345e-02 9.872837447045799131e-01
2.331613031379815570e-01 6.377710832050803580e-01
7.785199942477500912e-01 1.477867326237231715e+00
3.840445148476466786e-01 6.733700363151471358e-01
9.460985392770724367e-01 1.175617354589146846e+00
4.418277804896005856e-01 1.349281763166636727e+00
1.627214962630439965e-01 2.350197456066337454e-01
9.727009237081469806e-01 1.815267716965032196e+00
9.227750514477411903e-01 1.289457595475424156e+00
5.364976647532367915e-01 1.437163958147476883e+00
1.748067626606676361e-01 9.035312390828810214e-01
3.927395073251149782e-01 4.622232707439208887e-01
6.758740133054161880e-01 1.623459241122026553e+00
1.771546637171063088e-01 4.046769334362699810e-01
9.783541222146634464e-01 1.275856348441648969e+00
6.002966769807348557e-01 1.048977735996322158e+00
1.984964451764104076e-02 9.041640121854732648e-02
8.359772179245625878e-01 1.746922009437122725e+00
3.354330927634012749e-01 9.333422752610149864e-01
8.993925975155168118e-01 1.724340827953953159e+00
8.895109623329384707e-01 1.530208717109584615e+00
2.511549158152521777e-01 1.083213997523235106e+00
7.394630275870573977e-01 1.617294655644587742e+00
4.300708179276553356e-01 6.492834840519288164e-01
