5.512274102060871206e-01 1.201252216718549981e+00
4.506169398660464509e-02 7.886343570559588567e-01
6.939338853920445915e-01 1.022127023395569934e+00
2.902342698122254427e-01 3.142333263966323731e-01
4.814130855066470760e-01 1.406881037192729167e+00
9.141851557259859096e-01 1.818588211052792669e+00
4.802276318859891591e-01 6.928973505424558255e-01
5.822444813414262565e-02 3.985504705809336246e-01
1.578813693239559113e-01 5.819190717770221788e-01
8.098527183492122417e-01 1.766132529222326220e+00
4.561629159939761813e-02 6.061988146093537644e-01
3.830982341324744578e-01 1.300973242928260998e+00
5.420730860016830244e-01 1.355089393027540057e+00
7.316794498637406718e-01 1.302607470624848940e+00
5.129512666609936655e-02 1.018560520283272819e+00
9.600219399041478585e-01 1.524528368088780894e+00
8.808761451428223088e-01 9.508634198115389902e-01
5.947049107693613834e-01 1.108103957532153405e+00
8.717645145710128940e-01 1.729137172330921679e+00
1.059559528777829218e-01 8.353891711959579025e-01
2.070136221093135109e-01 1.198811591076481387e+00
6.988032134915800331e-01 1.518654663832837315e+00
6.732527438544706477e-01 1.282161234763827373e+00
3.158886056907868056e-01 1.270349106901640823e+00
1.082111129513793069e-01 6.816969006296841327e-01
9.441199322906747016e-01 1.087833578912592802e+00
8.084359398322361612e-01 8.759852927645678244e-01
1.507930084274275995e-01 5.740463989969611935e-01
9.145437463416723478e-01 1.504860736119814302e+00
8.115005548908547084e-01 1.582430797744873052e+00
3.748882375639058795e-01 8.770267275555992947e-01
9.386219422379900035e-01 1.605049220569572999e+00
5.209810643794986484e-01 5.597523428300996695e-01
7.245433839498683914e-01 7.606357868767840147e-01
2.254785593339113658e-01 1.125668057774101394e+00
5.220681961862508880e-01 9.780705939007258154e-01
5.137069939804412844e-01 5.875584687765222913e-01
3.180394150763650174e-01 1.037645529110204912e+00
8.757742459301811611e-01 1.813646933107238901e+00
2.582717875251583362e-01 1.062841114445440827e+00
2.162310960266257132e-01 3.469485851940292687e-01
7.337004971317055979e-01 8.789122638026823919e-01
5.028624507995457238e-01 8.189639145519069796e-01
9.524353067031733344e-01 1.339309782397183568e+00
5.415228174646034009e-01 9.443788155276270357e-01
2.829745691687322040e-01 6.317853711017764606e-01
2.208829519742345759e-01 9.736881788318616504e-01
4.432624551250152756e-02 1.690951360001884396e-01
6.609173668106980148e-01 1.503212485644786600e+00
8.269666149214087714e-01 1.618304419795492777e+00
5.353327985473937956e-01 1.487543241745873823e+00
9.090987449081932015e-01 1.737642638043936483e+00
7.988279488861252942e-01 1.028124529612021831e+00
6.521121223555392810e-01 6.571886127713997272e-01
6.152231918345235639e-01 1.375070296510865209e+00
7.463116220998329275e-01 1.655746404382496983e+00
8.178138016483154082e-01 8.417625745360159950e-01
9.606265803069342635e-01 1.464568792593976987e+00
8.779769776299488626e-01 1.202049334869194963e+00
5.941216397431290375e-01 1.473810459251442939e+00
1.753833147537550152e-01 1.165475885398134626e+00
5.447436627983373025e-01 1.245620334008211927e+00
2.478304439249564561e-01 1.229458434801934619e+00
2.875138073021814566e-01 3.209817053702035405e-01
2.900396710604591366e-02 8.671613121129142510e-01
1.211812134449141709e-02 6.445454300529177560e-01
1.203201735900435443e-01 8.681328422849068360e-01
7.819903629256477195e-01 1.643969587971235935e+00
4.684186725176726629e-01 1.253241876978488101e+00
6.578525836289028650e-02 5.324723979432497423e-01
3.306112148110492699e-01 1.286706728019389567e+00
1.250687320251455681e-01 4.957507286990309181e-01
3.227870130384392633e-01 5.300798180174036700e-01
4.753187250570140021e-01 7.846900479951853802e-01
1.218143635059819596e-01 6.233321951425458973e-01
8.612927288189077268e-01 1.561351332516828894e+00
1.671858315182292998e-01 9.140297132218060394e-01
4.941966894403321264e-01 9.141586959489969022e-01
9.005799163031114052e-01 1.797330761676668942e+00
4.592630525509457939e-01 8.382623004836925462e-01
8.555154837838827575e-01 9.900663903071746930e-01
4.146506464743177078e-01 1.132816476940174955e+00
3.656030686214345460e-01 4.836729614007432287e-01
7.587584217295101352e-01 1.487889791842295306e+00
2.683773260401119964e-01 3.876785608006434458e-01
4.145322966425412092e-01 7.849703797808593730e-01
4.546446789720449688e-01 1.017522217727618195e+00
1.538954750948529071e-01 5.750377183889452404e-01
5.945319240478054157e-01 1.413360389768366421e+00
3.033374252463305609e-02 3.724275050957672750e-01
4.583081776100388360e-01 9.963171680759607129e-01
7.452643954315186781e-01 1.338499160966406532e+00
5.480270502574143832e-01 1.225440119201484990e+00
5.471315712786678498e-01 1.487314054382244954e+00
6.220646866914451012e-01 6.444670019943143924e-01
9.176250964905796614e-02 2.045593289199280074e-01
4.139026435935266868e-01 1.078200665523840307e+00
2.804955045027152094e-01 7.894516974238156015e-01
5.432343296086916684e-02 4.760072448539903744e-01
2.068802815019588071e-02 3.620398704673277734e-02
5.845460681451253304e-02 9.181584109361561330e-01
3.084212800208914196e-01 1.047944868063781509e+00
4.121058291136080465e-01 1.188558201934356351e+00
