6.387663769833846761e-01 1.190699432417062553e+00
8.314611719406804768e-01 1.745328589480983128e+00
5.532733573570361996e-01 1.522211264272298692e+00
6.165851429126137928e-01 9.591516903004447814e-01
4.673043801762865046e-01 8.394554431674562389e-01
8.606763936548591509e-01 1.397014002268584854e+00
3.216410687018191883e-01 4.824668083297130039e-01
3.318415262358258566e-01 1.270886758517112636e+00
1.727758641452155075e-01 1.035560315238709395e+00
4.401836157964159613e-01 9.688697900867816459e-01
7.334612483083436940e-01 1.480990554947083204e+00
9.994545096863286515e-01 1.764552501134094786e+00
9.404214670872921289e-01 1.525837669758763226e+00
9.440385082526547844e-02 5.257222379266935919e-01
7.118273983957159601e-01 1.387314589456684732e+00
2.875800305752496122e-02 5.991783204567845411e-01
9.185996581910751413e-01 1.239736232156747775e+00
4.184553606236997014e-01 1.162753462818002514e+00
5.624586932588350185e-01 8.438945676453758482e-01
7.269073321995012105e-02 1.005248181841393862e+00
6.435546241819051216e-01 1.479004868383183346e+00
2.994953523817152075e-01 9.400126855261877745e-01
7.691368338960311579e-01 1.069289613361571245e+00
6.315840762915152506e-01 9.569402757880515198e-01
9.884076257185463454e-01 1.629067677699034711e+00
5.792749275556513533e-01 9.042006609624987368e-01
4.564104489633599160e-01 9.736228131836894839e-01
5.340440231918972547e-01 1.391269352767594558e+00
6.689877433135336116e-01 1.167429190807879325e+00
3.999203206973275249e-01 1.250876067777086487e+00
6.960299251196011561e-03 1.033761368330076147e-01
4.425197355989060055e-01 1.347971530974983123e+00
7.454902434113299670e-01 1.727359436945848259e+00
4.844591299507545745e-01 8.730006275256431136e-01
7.584989828474300033e-01 1.343366180096481344e+00
5.035358292789425816e-01 1.037390914149681986e+00
9.385654233535920543e-01 1.318007689125717308e+00
2.397151093290404988e-01 5.757320369214198319e-01
9.357654236434033157e-01 1.481092228365422425e+00
2.324911119128127979e-01 6.915656979039713770e-01
8.693469362813380785e-01 1.185554768149209348e+00
8.080535492747130677e-01 1.388348287224481670e+00
3.877665559563602260e-01 1.281643354519685474e+00
9.302203597448649441e-01 1.864308120913192202e+00
1.159397522920115886e-01 7.260747956890388766e-01
3.502982761293542691e-01 1.188715921314188240e+00
9.156787895655991161e-01 1.489434052197511793e+00
7.391072540275862579e-01 1.694376763613978154e+00
5.216782460108324582e-01 1.299297366943293008e+00
2.367122736346205514e-03 7.659558864616328178e-01
9.918960098661627756e-01 1.196139765668281729e+00
5.258802568465873462e-01 9.746877139911159782e-01
2.934503544584754486e-02 8.389647718462388548e-01
1.302993402179060123e-01 9.881256467430232782e-01
1.474146764624906236e-02 7.688662875450481549e-01
9.153193125608999337e-01 1.136657603561953778e+00
7.582432491388672036e-01 8.893377420397616806e-01
5.796258553029904892e-01 9.127759056762051459e-01
1.651973049820100181e-01 1.013893815942891408e+00
8.083324614321022450e-01 1.472925906010055908e+00
3.559021748297384047e-01 3.963169284774423762e-01
3.564140323816220590e-01 4.103394136692132266e-01
4.914910632895415077e-01 1.436834181084375661e+00
9.171437602855312399e-01 1.633425538015261580e+00
7.600279579041061551e-01 9.892367618598999490e-01
4.289550824857877309e-01 1.201086934131476935e+00
5.193822331117659008e-01 1.121625510954944893e+00
1.794773880492261942e-01 4.012590100878554722e-01
2.518571287252734381e-01 7.397437035878164924e-01
8.374934530448054915e-01 8.860657601359562818e-01
9.798350229991878990e-01 1.781448666708238537e+00
7.948234278087321636e-01 1.656613324067064186e+00
6.836212660670260011e-01 1.671641478426754368e+00
8.603596547135869965e-01 1.306682840013223323e+00
6.856128531073627519e-01 7.736912107929194704e-01
8.537103674744412896e-01 8.700526298260398139e-01
4.551135892752780077e-01 6.298381744403618310e-01
7.817705664211594963e-01 1.060071984769578091e+00
1.746927792702869242e-01 1.093239716958800845e+00
1.769672751108146702e-01 7.668534040131053109e-01
3.845452220022141931e-01 3.984525078106128104e-01
