1.847172072994859304e-01 9.659124612571063917e-01
6.970788911749710159e-01 6.978071730413674123e-01
6.666965340691723974e-01 9.796930155117234973e-01
9.083671014498061469e-01 1.036131583871473527e+00
7.380448799557857154e-01 1.128330086656455844e+00
5.264367294840220923e-01 1.307854839976950734e+00
7.521669012870251247e-01 1.499894357381033938e+00
1.688329959125342006e-01 1.130184425793377301e+00
2.094453928956059308e-01 3.232846109678697566e-01
5.101047402368673600e-01 1.351484837857091170e+00
6.616162626304774586e-01 1.544917459076674771e+00
4.804390551340401716e-01 6.236467730325382375e-01
3.600044709290322054e-01 9.708362472163019063e-01
2.937772228929669271e-02 5.130644528230295931e-01
4.466593308626528591e-01 1.404374314347999420e+00
6.661506123675333679e-01 1.203660182279966406e+00
5.521506196659332621e-01 1.289901568155936484e+00
1.358504310719944597e-01 2.163944202954052320e-01
1.880964802209306175e-01 7.383125338375373659e-01
9.267330085210720991e-01 1.337580560145955166e+00
5.345608874327442139e-01 1.371977406337432814e+00
8.697202195670838965e-01 1.002759668314575858e+00
1.251263247099584364e-01 1.041380278552717531e+00
5.359074527982833347e-01 7.031845946494599264e-01
9.737574167737975683e-01 1.073482335110468977e+00
4.603763580767933350e-01 8.475884289998572019e-01
3.751335826694518483e-01 9.889062641701812373e-01
2.644500666334980155e-01 7.261039006521019523e-01
1.361675328785618699e-01 4.814933083764427746e-01
3.596994988936486060e-02 2.441027920942283602e-01
3.460918363158984601e-01 3.737647990377602758e-01
4.009999269758689477e-01 8.633481854164225533e-01
4.319824893333596982e-01 5.229414046993443588e-01
6.650655127900817476e-02 7.447726739998264955e-01
1.040246528025173811e-01 1.012757626281840295e+00
3.165674618123759387e-02 7.071548128600434469e-01
1.903113343360784970e-02 5.021460060688054394e-02
8.771143477842406888e-01 1.116343902394397514e+00
8.400046683993593888e-01 1.276618159134745412e+00
2.311869837554193508e-01 1.084040821494856033e+00
5.342831966339492977e-01 7.080668423650886556e-01
3.137087049316072962e-01 8.902815526356745446e-01
8.948252026573199069e-01 1.269553025486813258e+00
2.418712973375362063e-01 7.029747840011272286e-01
1.260475054549434759e-01 5.827337877829398272e-01
6.418581762680196645e-01 1.305567821658913497e+00
4.444700479337312382e-01 8.404182483482597332e-01
1.708447125800551802e-01 2.401918421265740733e-01
5.903265963605310862e-01 9.507108275505624650e-01
7.077561762364799058e-01 1.205915116177037838e+00
6.554375753958958661e-01 1.133031505446287168e+00
3.849601132492785904e-02 3.848589411972178631e-01
8.802673627813595303e-02 1.165764957439463512e-01
4.814438243414577157e-01 1.288382229758825215e+00
4.458849291547720695e-01 4.626316597496954452e-01
5.492818587749080939e-01 8.548893780782451657e-01
1.048944480834990145e-02 5.922729421814597606e-01
8.241873342166960992e-02 1.823238210767570422e-01
7.436415698212539560e-02 2.865140523337749157e-01
4.648510734591921878e-01 6.482382690894965549e-01
6.083375751901278772e-01 1.032821800885708186e+00
7.020985317647097101e-01 7.211849336248610243e-01
1.172083558287744243e-01 2.885278403797850721e-01
7.247011162457864808e-01 1.495913954608238949e+00
1.863145769730838452e-01 9.133388872303193073e-01
3.252109914061281914e-01 1.120149108165109819e+00
2.617645452627966884e-01 5.023683637970451921e-01
6.729387687541679153e-01 6.731399937739513950e-01
5.258878513877794925e-01 7.302129614034164051e-01
7.518025571726710821e-01 1.175153757474675320e+00
3.153175815824564854e-01 5.512791818017314105e-01
6.285294898056431601e-01 1.242962562439936747e+00
6.391998571923241945e-01 7.049326493066501165e-01
7.412615160927451541e-01 1.014392990230550406e+00
3.383964020706883291e-01 6.808524416063804763e-01
8.160891016134119713e-02 5.047839520838683924e-01
5.200197809642309599e-01 1.396256098842603599e+00
2.075407860454761000e-01 8.035381229703342232e-01
6.101379120005794299e-01 8.617848692422549473e-01
2.300174359710775995e-01 7.171079722324946726e-01
3.589034149111445249e-01 4.264241802753783173e-01
5.999733465352610207e-01 1.173609894406732801e+00
2.809667080263638095e-01 7.604044064712959239e-01
7.151058783849089107e-01 1.056781675533112752e+00
1.099930161253570571e-02 1.022921454683932696e-01
5.663284277099230879e-01 7.551100296513486576e-01
6.000910693149074104e-01 1.457470900442653150e+00
6.796963917246227060e-01 1.117074444063544281e+00
5.889459641935397283e-01 1.063707004416090562e+00
9.849643887007346610e-01 1.264246378610756061e+00
