4.454316093150167966e-01 1.432532991513606468e+00
7.410384625523256386e-01 1.622805189017234806e+00
3.992382455735049573e-01 4.408826030083646819e-01
6.531076020494699375e-01 1.101884807825509016e+00
4.684064003395611575e-01 7.916394840367653174e-01
2.761070637267659666e-02 7.479348941185381960e-01
4.261646951930688765e-01 1.186013700862998732e+00
9.299979011889386582e-01 1.000866074470144973e+00
3.082903808061328021e-01 9.467470967935363024e-01
7.656279595783644920e-01 1.714525829697759463e+00
6.634463719860144160e-01 9.084283876155414550e-01
2.753444648103803294e-01 1.153110993764075776e+00
7.970893494029854809e-01 8.753342973314226505e-01
8.960573418648342114e-01 1.592142061396820463e+00
7.782204472236214920e-01 1.115418215667341562e+00
8.809199179709636951e-01 1.656862420806328284e+00
5.287956600127612372e-01 1.052662020669558718e+00
9.961289071686557639e-01 1.399480554921214814e+00
4.129821631517134328e-01 1.379646540075526673e+00
6.429195520187702684e-01 9.668954436367653837e-01
5.218079359900484882e-03 6.038407631532711761e-01
1.513842253952146777e-01 2.804861716163430385e-01
2.527523344680233652e-01 1.033310181705218600e+00
3.221515675768575893e-01 6.891301677332891673e-01
4.061109324687606215e-01 5.421868112136863926e-01
1.292765135205978799e-01 7.166424644954927370e-01
5.118045051860831141e-02 9.480065910190323963e-01
2.569745176531763597e-01 9.092479664452266519e-01
6.238426652138779893e-01 1.058034421868525587e+00
9.033578864404423481e-02 6.436339768359392588e-01
4.949558551002792850e-01 5.142724344636485645e-01
9.350206548605829449e-01 1.293721869573205563e+00
7.530197403901547348e-01 1.446857050145355261e+00
8.104819764493406131e-01 1.054384195224122411e+00
5.101499062944487850e-01 1.470236831747316231e+00
5.117436062925183604e-01 1.351892006352301223e+00
8.166007102101036086e-02 1.074401653328511674e+00
2.653519955466944191e-01 1.074608489692753466e+00
6.507260624724653386e-02 5.488724049492543777e-01
3.724505392729683395e-01 1.249092185014079259e+00
9.649393475886222094e-01 1.367265068677737005e+00
3.684706635702937882e-01 1.266097459235249190e+00
4.623493806683505181e-01 1.107375813737713877e+00
6.541456812371089224e-01 1.529751370469384142e+00
8.306339097275943217e-01 1.202558694919083848e+00
3.951979313800539906e-01 1.176666428960456479e+00
2.077037296205267447e-01 3.813118038453312542e-01
5.176035618955820983e-02 7.951209670204328894e-02
9.713063104461849839e-01 1.751807324147157896e+00
8.532367363410970906e-01 1.640045782240433958e+00
8.381450985967877632e-01 1.093663489768944119e+00
3.283754393987721176e-01 8.653771835203003526e-01
2.446034085881075848e-01 8.554505478395365570e-01
4.531045306277095008e-01 1.436086258640265623e+00
9.255352197309245632e-01 1.262977564392794516e+00
6.494314025855680850e-01 1.560383765884110652e+00
8.606576773556903204e-01 1.712273710079995404e+00
4.354041021722172555e-01 1.209990441109057624e+00
4.157500569866813267e-01 1.305139475898186685e+00
1.801115222543486771e-01 7.898744608963527147e-01
3.521167336975375983e-01 5.478384824635587069e-01
7.377170514555977388e-01 1.073794018143728879e+00
3.017710573079418479e-01 1.021730753004817860e+00
9.276407574847465032e-01 1.090284149552227966e+00
6.480396817687296140e-01 1.548553573465420108e+00
6.504148758859426005e-01 7.121934187605059030e-01
4.644454462400465777e-01 6.981469916380192986e-01
4.522247727882182655e-01 7.211116622853779301e-01
2.009846806201331937e-01 8.884501089681827724e-01
5.177175980305824821e-01 6.344982362748766702e-01
4.946763462939675060e-01 1.220146361257492096e+00
7.511265339329982194e-01 1.207454778691457342e+00
8.419986656439715222e-02 3.615766029564517758e-01
7.649069973199373873e-02 6.478505652297840145e-01
1.208524397935235584e-01 1.612891127914723999e-01
6.663635158192225960e-01 1.278950349991290647e+00
3.801451704734339909e-01 1.319420964013438891e+00
7.740223435134351293e-01 9.362124501632755891e-01
7.207564411259950177e-01 1.160333594497001020e+00
3.556818408337032444e-01 4.548097573037118702e-01
6.468995162222312967e-02 2.546893917801750229e-01
9.876618004006498808e-01 1.217916724818079555e+00
4.825729113301999718e-01 1.438059539566977740e+00
8.211719771019979630e-01 1.228950949363747158e+00
9.169938258158591982e-01 9.177797331738346553e-01
8.874434287339209027e-01 1.378991917113629118e+00
5.820720307632223367e-01 9.030593531534195639e-01
3.505032050726916149e-01 1.054373365981146504e+00
5.231678451194662349e-01 1.391958436010701572e+00
9.407464228573184650e-01 1.054935069816433701e+00
3.158085941656785245e-01 1.297725982292965874e+00
9.935156763000043689e-01 1.170930667325473795e+00
5.516762233793063297e-01 7.235213933282059751e-01
6.241036098314630687e-01 1.072284078281831254e+00
9.399051563240695684e-01 1.476514897555150085e+00
