6.068462676260563127e-01 8.944306918939752826e-01
2.974075440351970911e-01 4.359880367816337809e-01
9.675459634995873248e-01 1.551538792631953045e+00
7.414173881692688317e-01 7.910088038761441398e-01
8.353440567481381640e-01 1.563951276289988090e+00
3.244948592123982900e-01 8.261800041075596512e-01
3.459064186006832742e-02 7.773808046644581360e-01
9.134552957247162874e-01 1.351996459610975476e+00
2.099776268500176402e-01 5.414680691396014378e-01
7.268591204394484473e-01 1.513408982223584331e+00
8.855044395948492575e-01 1.856983797418874760e+00
1.718724146547316867e-01 6.998749155308996439e-01
9.543158462687707511e-01 1.047616396159249508e+00
8.954780578604158991e-01 1.587761285002227574e+00
6.862158803490094883e-01 1.353535650840151483e+00
6.599548242108764784e-01 1.602850392638065280e+00
8.458663470521533556e-01 1.401665305929925553e+00
4.129965364110553816e-01 4.215545584170896642e-01
2.085149869047762117e-01 9.458796112872206452e-01
2.271098641458013656e-01 7.128952974940145904e-01
7.488466478550434013e-01 1.004938021892666455e+00
4.194866872532138080e-01 7.115803559851789917e-01
6.453500429601857213e-01 1.407379997598665167e+00
7.981193155532732009e-01 1.468593051474763378e+00
8.307051111247366615e-01 9.235238261824597616e-01
7.640148790346598107e-01 9.685914738491518960e-01
6.145761127755400288e-01 9.458995083813472871e-01
5.855651494018558889e-01 1.274953548192028663e+00
8.690711021621224663e-01 1.118065671349190993e+00
2.442527382757081478e-01 2.777268309400272583e-01
1.763081710119618339e-01 6.950258109373473880e-01
2.142019615637346108e-01 1.181165111531013778e+00
1.785709439008277277e-01 8.193067245146150590e-01
3.067094014225592025e-01 1.071911775035434999e+00
5.195805682737908437e-01 1.001280613576039702e+00
3.314883525061320668e-01 9.773101628869363955e-01
7.361246566954312565e-01 1.171906407875633160e+00
3.587421470183204120e-01 1.017664148211014918e+00
5.435245944505153748e-01 8.288881702474915070e-01
3.908563212076807680e-01 1.291893190288889492e+00
9.491136576549760173e-01 9.781743948877611450e-01
6.019358879790499550e-01 8.812251735229925664e-01
2.177511305082945325e-01 8.448142805145575363e-01
1.734761014567544057e-01 7.231604365876873608e-01
1.690761088619980868e-01 8.289030753782521410e-01
6.945897875461458648e-01 9.550516517460488908e-01
8.775017130734428239e-01 9.241241090058216479e-01
2.015313420699094138e-02 7.965379417138397367e-01
3.564295563981325632e-01 4.853330959523585175e-01
5.563849501494008143e-01 7.031389011982651649e-01
7.293632866751397215e-01 8.982855061348968828e-01
5.317311916801017446e-01 1.074318818230221240e+00
2.112670821746607253e-01 2.575262086723532073e-01
9.411565533354518953e-01 1.317515719776573002e+00
4.663661512040592205e-01 1.066129622177784952e+00
8.004220978060356817e-01 9.673349825169803573e-01
9.079705992820845672e-01 1.520173462830167521e+00
7.408329565064176725e-01 1.557496522212412859e+00
2.572880447593589581e-01 6.104365983922515060e-01
6.308149222474270790e-01 1.413143921630236166e+00
5.005619778164677180e-01 5.911284194682301374e-01
1.409852560671471799e-01 1.037764173743903617e+00
9.617775416055678317e-01 1.705263456567945202e+00
5.478318406927992212e-01 1.325928059547339277e+00
1.745520662711277371e-01 6.877728707081232074e-01
4.603608136658913219e-01 9.422759164019121059e-01
2.407801701941436612e-03 1.140507660804100931e-01
7.273242809781657048e-01 8.277738560003244928e-01
9.253134331341843488e-01 1.689234549557047327e+00
4.057088612141903639e-01 5.276574459881941959e-01
8.508148946110725142e-01 1.076368218558623857e+00
4.761539224869323350e-01 1.109273954255332484e+00
5.672248692107152435e-01 1.167240528499452257e+00
5.005084527575587305e-01 1.311575717030921684e+00
1.096427567890734256e-02 6.266704674795974261e-01
7.675995251417601084e-01 1.733664856764186801e+00
3.268127856231872741e-02 1.352933510573520737e-01
5.770011732830422346e-01 1.306020394391517847e+00
4.709632830496487399e-01 9.640634806756134267e-01
3.208750988749267119e-01 5.267422860427258824e-01
8.134341066163361944e-01 1.461364227228084012e+00
7.322158676381788078e-01 1.488014765092118719e+00
6.857317585274124161e-01 1.609268798762125030e+00
4.625996581688207598e-01 1.441361708523486218e+00
5.887449816556868942e-01 1.330240742007361421e+00
2.746756505199342557e-01 3.496671871098048223e-01
6.004012256869055708e-01 1.454245440005132783e+00
8.289898221899481001e-01 1.605868390650026845e+00
1.624421711507605393e-01 2.880922232485759737e-01
4.904604120397684230e-01 1.087235109721799597e+00
1.133563100724119810e-01 4.073695507519823344e-01
9.705126381985824668e-01 1.635967678326956332e+00
2.260777709524278700e-01 8.878615079013426614e-01
1.915490622228845918e-01 7.926528113165229872e-01
5.982210493630646386e-02 4.175138334285846131e-01
9.578286113001710511e-03 5.540643206169337809e-01
5.603027605045364234e-01 1.271027308592246996e+00
3.380604613217311760e-01 1.099399266580151746e+00
8.622488162403511014e-01 1.308257995576606714e+00
4.070793930602055744e-01 4.504351001380220154e-01
3.622490261047673910e-01 1.050087174724565031e+00
2.373734519989643132e-01 1.122510761364800658e+00
8.232630646942912245e-01 9.840073117872154551e-01
8.130001670704056771e-02 5.179083856714390421e-01
4.155909072862732367e-01 7.677155207787519364e-01
4.905973565902568279e-01 1.217707514348009168e+00
3.982230050524675491e-01 1.004716654448315927e+00
1.034306007657007642e-01 2.220870607187461765e-01
3.604362838846982831e-01 1.161012563650402729e+00
1.024589774600601633e-01 7.788754011838132651e-01
2.063590229445885216e-01 2.534130328543093835e-01
6.829913154996331004e-01 1.624214056507826021e+00
