5.361978530321809266e-01 5.591692633719487215e-01
1.220265942636789003e-02 2.284556058619969798e-01
1.545894431541782188e-01 2.258353004889185334e-01
9.384265775322356840e-01 1.222572036820960717e+00
4.208402685828634970e-01 1.388622187995441903e+00
5.690544158027671662e-01 1.559482287786742694e+00
6.600554103850719834e-02 1.063386742626953652e+00
1.647994447253183781e-01 8.693292220527659708e-01
3.980542466081948838e-01 1.397563884921103172e+00
1.796093626121408882e-01 5.458378208963969858e-01
3.328332904823252392e-01 3.640099773366359814e-01
8.231454456922283613e-01 1.777368030831305568e+00
8.900225483621081457e-01 9.666987309438552778e-01
9.646081023091430673e-01 1.751461428437406154e+00
5.527538133851592761e-01 1.270291511854597655e+00
7.071750781333473457e-01 1.432597366238482106e+00
4.498414504156765803e-01 1.268959432188550895e+00
1.718862324559766730e-02 4.387299643075837086e-02
5.397293737815650472e-01 7.929873349702346585e-01
8.464142557987539561e-01 1.457496107949006081e+00
3.109856956324880128e-01 7.276840272669584664e-01
7.425991517325086777e-01 1.526120075726097980e+00
8.063847694498323948e-01 1.087081488409187058e+00
1.482088793762070811e-01 6.868035583246252518e-01
2.919611157870352081e-01 1.265975872309374584e+00
1.686485812129016049e-01 7.448770635410593144e-01
7.884881801242625832e-01 1.478967662338007916e+00
5.761509690701306363e-01 1.343182543769531057e+00
4.526385717073219128e-01 1.243979251613361647e+00
5.682979228919036174e-01 1.158808696803435456e+00
4.068161511562702337e-01 4.773178216094010606e-01
7.319368155421124289e-02 5.415741191669226628e-01
8.060023471598493083e-01 1.287175294559517180e+00
2.888551320373378140e-01 1.205972569902331815e+00
8.474817529462669308e-01 1.286679300852193730e+00
1.397018925894463193e-01 3.453840017603666546e-01
3.326824368086634953e-01 9.105971586754678659e-01
1.472268965753925629e-01 9.421625505651540777e-01
5.967356736562514641e-01 1.013587967540327650e+00
5.694242747751139255e-01 1.025004298481700493e+00
3.413914189797360166e-01 1.295546230182221370e+00
5.776436436482634829e-01 1.201937016096066957e+00
3.842776523185434945e-01 5.706581193633409876e-01
5.815082757285433557e-01 1.229014192920375503e+00
3.246343636166305613e-01 1.078790193064162795e+00
2.876143824621690825e-01 6.395941469357794285e-01
1.516907882354030512e-01 1.122032005149652623e+00
5.041139388987081471e-02 1.582144195466957948e-01
8.056149734288905462e-01 1.646074689816443115e+00
6.858321979095187704e-01 1.101444989319278367e+00
9.100695626786353687e-01 1.229457287112853514e+00
4.512688618060874957e-01 7.177661084111861545e-01
3.326831780283164841e-01 1.200781798145069024e+00
8.617550501600763635e-01 1.405635882907939838e+00
3.449887574076067054e-01 6.384955794079488767e-01
6.081762837423471124e-01 6.452122549091424686e-01
6.045634183549444263e-01 7.980321103632701529e-01
4.963884333802347504e-01 8.677850348680671289e-01
9.486692994511403132e-02 1.018568368793820955e+00
8.744128219352018672e-01 1.868650241196628592e+00
1.658811063842631217e-01 9.141459957623920829e-01
4.105370175933255039e-01 1.279608786739873327e+00
5.035019550743330408e-01 7.630405563412379077e-01
1.705985827679817879e-01 1.128873165635215337e+00
8.099065569486502136e-01 1.611886162038528525e+00
8.026754329130791898e-02 5.057211295541909069e-01
2.003993520513617232e-01 1.043712941427557883e+00
5.701663347716117158e-01 1.166969633637652493e+00
6.067414443477053831e-01 8.236929899753706596e-01
2.686966467342009057e-01 7.562774850504903057e-01
4.442974951500578973e-01 1.076291944835117143e+00
5.878577426229192326e-01 1.146882127358817893e+00
7.883943399072514957e-01 1.619573546977959300e+00
8.096353199095095432e-01 1.653725347308986571e+00
3.303780787456831458e-01 4.349475179721283835e-01
4.142799359895574796e-01 6.235175752078337963e-01
9.521247288227339123e-01 1.892861756898659653e+00
6.039710555598299946e-01 1.197569620887551478e+00
3.994569102467078192e-01 1.232255319069248012e+00
3.907462042291593995e-01 1.234084883344042982e+00
5.709212477545625442e-01 8.197470974703192637e-01
6.425121360439298712e-01 6.450270352944108554e-01
3.776415658262725072e-01 1.121864818477702919e+00
4.325252590764884220e-01 1.220831253762310276e+00
1.625676073260118315e-01 5.313966485392535022e-01
6.305632657059437873e-01 1.167764670769198876e+00
6.961146816445573648e-02 6.156410007037793619e-01
5.514604377484454423e-01 1.453198177563439941e+00
4.463260539668977289e-01 9.627404285971996600e-01
