4.766058943015492044e-01 8.097765654637619770e-01
9.889300743507051239e-01 1.171505364025080986e+00
2.921240108638193389e-01 1.254712375255495838e+00
1.432078863371111233e-02 3.167877429765889596e-01
8.146193741059566396e-01 1.222820439192672026e+00
4.855419187239324863e-01 1.446229916220164835e+00
4.765542157721073258e-01 7.283694608625916889e-01
5.377143597205912284e-01 1.145786145432932557e+00
2.849355183069410824e-01 1.199807766069872050e+00
8.642495489991364188e-01 1.705846815928553362e+00
6.897041833365280539e-02 6.376021248994752089e-01
3.610656672016843149e-02 4.788090447968715857e-01
1.485403175211523763e-01 9.032870983371663609e-01
3.934899702526549747e-01 8.143964881476561946e-01
6.704891034159166097e-03 1.036957848636177459e-01
8.815905487893702652e-01 1.240149251449238932e+00
7.595244943896254375e-01 7.745129372231428500e-01
1.102210904812108705e-01 8.672131920647364600e-01
9.335243920850690991e-01 1.028986325063921958e+00
6.975256253758490566e-01 1.121325803506420193e+00
5.172072542850582044e-01 6.282948759804455330e-01
6.742614315705627304e-01 9.049339809845545757e-01
6.929568521562234906e-02 9.117290797358945653e-02
3.855854751825490423e-01 9.150729052132471342e-01
7.693359883267628652e-01 1.189470400376229975e+00
9.738632551717529839e-01 1.013585088927006606e+00
2.954265198771475198e-01 4.479563413193314858e-01
6.494004588214483675e-01 7.812021519342802200e-01
2.164420733524059504e-01 9.909671565882949285e-01
2.057184959634192900e-01 3.772329003716652362e-01
7.322975118711927411e-02 2.798856011697832269e-01
9.269454080176141586e-01 1.205689710831721939e+00
4.618158631947666404e-01 1.417570491109263253e+00
2.517228454595743514e-02 8.519062194174834568e-01
1.773147513834817390e-01 4.330404738344773019e-01
6.463068454970600785e-01 8.179468859469180009e-01
4.719596648831571040e-01 7.573352194755635924e-01
1.665581931616461064e-01 7.604712007466553070e-01
8.566642232102456012e-01 1.220291068082590025e+00
9.222360649026678514e-01 1.708037130820734495e+00
8.865528009824930056e-01 1.511622781246887204e+00
6.585209269078030614e-01 1.265070756274459196e+00
1.964844140434472974e-01 5.818724766734981735e-01
8.636652451365078864e-01 1.136901280412627724e+00
4.273048264401150265e-01 8.100946073183653562e-01
7.906705129452794578e-01 1.190282404061669741e+00
9.337765684568589686e-01 1.138874627143456220e+00
1.289337481638843652e-01 5.118337652126406789e-01
9.806485611669535363e-02 9.175629972740674267e-01
3.620537720440556440e-01 4.324939370460179067e-01
7.072329565748417535e-01 1.405574178783080885e+00
2.329113155916628930e-01 1.126097568458048315e+00
6.451537030819007867e-01 7.450901933820192058e-01
5.810215070194698628e-01 1.099893903200258594e+00
5.932463175770786856e-01 1.323648449206924482e+00
5.436229430961796449e-01 1.222919124642720679e+00
2.384881466587598364e-01 5.875117031025934855e-01
5.140223132465735478e-01 7.415519720316354757e-01
7.962540993142838142e-01 1.073786447960002111e+00
8.418491393464626604e-01 1.637451832908487503e+00
9.066638844050756152e-01 1.705576681717055898e+00
2.200308946714690794e-01 6.241655377770083390e-01
1.862756840909036704e-01 3.204727464829799644e-01
5.974764999185699921e-01 1.563456044504336617e+00
2.509454408429844241e-01 3.596809235694204965e-01
3.372344449262840715e-01 1.048879427611664639e+00
8.398101591181668102e-01 1.139607500816735897e+00
3.769091197139070593e-01 7.610572840791315352e-01
9.884019914486927849e-01 1.635619297287906670e+00
3.880269333188746117e-01 4.773977255674628495e-01
3.676299150938877602e-01 7.852303241687983437e-01
4.907202537754290494e-01 5.974840559044773958e-01
8.056502254329243051e-01 1.567279673408020324e+00
8.376142471561718317e-01 8.426490226037778308e-01
3.024316223989278463e-01 6.032348568172156700e-01
2.826561341048028364e-01 1.191856164196343215e+00
8.462856780584514516e-01 8.722856177952628132e-01
8.633162108144291080e-01 1.344026952200961134e+00
7.777059815974183277e-01 8.629051503057773020e-01
9.082657077804989765e-02 7.144335077594776706e-01
9.001419081415966694e-01 1.058945566658767934e+00
6.649435298544580375e-01 1.013878045584680532e+00
9.651226785555458987e-01 1.158374543206767360e+00
1.791722113930448446e-01 8.007485333078588896e-01
4.446419415326186009e-01 1.049569498654735700e+00
9.077444933359046786e-01 1.269281955433172904e+00
5.991502317806149946e-01 1.352239212843947769e+00
1.246795594374189298e-01 6.482451427234992014e-01
9.452689111098406816e-01 1.770988806787165082e+00
2.374536467625476543e-02 7.312319025791319538e-01
8.706210615504195172e-01 1.598659893221834993e+00
2.436824023333952205e-01 8.024712993742744160e-01
2.378753797528978531e-01 3.015133259033195845e-01
5.395690220082931532e-01 6.931455398681660718e-01
5.588382462119458882e-01 1.307036345901529728e+00
1.374170366615915517e-01 6.743291637506495517e-01
5.486392853149285598e-01 1.375802571872867475e+00
6.978424162577084866e-01 9.219486762936741631e-01
6.569448006778318971e-01 1.066870558437399197e+00
5.162444333117534034e-01 1.390291273501645719e+00
2.517600345037307452e-02 7.707250308825842611e-01
2.527803088351732175e-02 9.238955409425009258e-01
7.679184464199434457e-01 9.464014299691199117e-01
9.383023343187628651e-01 1.345224721201327300e+00
1.092327904107610603e-01 3.384849846454180966e-01
9.033696639524549932e-01 1.601892600771182673e+00
8.216686465129485750e-01 1.239565226162204103e+00
7.343221494758312984e-01 1.117384840686005631e+00
