8.643866996616326182e-01 1.055341935470359260e+00
2.191828638649191419e-01 8.146208825201619597e-01
1.252917975769809455e-01 1.083414260518714922e+00
5.860151078845549089e-01 1.298093597807651101e+00
8.950390971575613586e-01 1.101651315424849065e+00
2.986326261500881207e-01 6.659127442840109268e-01
4.269100016626385941e-01 4.919329212661528450e-01
1.236039077944397491e-01 3.230093188158965622e-01
3.312355449401332974e-01 7.208467903815647393e-01
4.315599157115346252e-01 1.158980368576178588e+00
9.849851593430672958e-01 1.259735355351468300e+00
2.703623874411061889e-01 9.161970857133598933e-01
6.146303741829426404e-01 1.060253100059297182e+00
8.426710179920320343e-01 9.287458690967138608e-01
3.457788619629531546e-01 6.197638997666253813e-01
7.272961167635957347e-01 7.965980308205281579e-01
9.165220164039766804e-01 1.140978461258035370e+00
4.379969686047321398e-01 9.399561580790463111e-01
1.127885193246523921e-01 1.729261953214995540e-01
8.242559843329847480e-01 1.240026857541638439e+00
3.416521075458113232e-01 1.252245968999119885e+00
9.744999104596976380e-01 1.439162422424859145e+00
1.859880958439117382e-01 1.077740066983360112e+00
5.810415320793926863e-01 1.103004023189372518e+00
3.204508545588511392e-01 1.029538223378953177e+00
8.983518290220362523e-01 1.344131134699902308e+00
5.822064898015855139e-02 5.006036185608723210e-01
9.020340388566095990e-01 1.550351793857285498e+00
5.303397538406744438e-01 1.171497320549735210e+00
1.153053885940942269e-01 1.810452580869781336e-01
2.519358348841027606e-02 4.978863330371308127e-01
4.651460042741407674e-01 9.803143941242534742e-01
5.772931525178778278e-01 8.504341483527907419e-01
3.931803082004665661e-01 1.070405482701132449e+00
3.895764792770705087e-01 1.039389415150090201e+00
6.447895567610142376e-01 1.234906943753909081e+00
4.057163303847708402e-01 1.373073403663513714e+00
3.531685414282985658e-01 1.018263307459354117e+00
8.038776226606303421e-01 1.280866036989553258e+00
8.695575536212657441e-01 1.180846913097386874e+00
1.119654253928314969e-02 1.006849102831873788e+00
5.776530490466295076e-01 7.110774408978391969e-01
8.436589640030193182e-01 1.692790855932317262e+00
3.843245039251601547e-01 1.146173139346263969e+00
5.830353050457885988e-01 1.528278660871641659e+00
4.297294395236780362e-01 7.339380577522567339e-01
4.058959375331089303e-01 9.787789492864467089e-01
3.739235196393598804e-01 4.414165761405351995e-01
1.723251838479078479e-02 5.391279526234562525e-01
2.743339735573586680e-01 5.552079416111044274e-01
6.054484360986543967e-01 7.463943790073581663e-01
2.390618963766346639e-01 7.022096779256788990e-01
5.110247172112463154e-01 8.079925310262190408e-01
4.679164217054817554e-01 1.269191535097328627e+00
7.735888577607754613e-01 8.102387386639920974e-01
1.020261635861002825e-01 2.285735103507505750e-01
1.079942107257051420e-01 9.124607737086376513e-01
7.649666592566305434e-01 1.222513109354590899e+00
3.213903722215911696e-01 1.258656075634166704e+00
2.381585222880804320e-01 3.354316425355420295e-01
6.432406209560563859e-01 1.602259474082305069e+00
9.845595605934543970e-01 1.435625395724731579e+00
7.844426961362778172e-01 8.909455555329984788e-01
2.533299365076944198e-01 1.012226444113978552e+00
7.481698047574149024e-01 1.216820269213495065e+00
1.777433504601447778e-01 3.321382353986384040e-01
9.094387425236947209e-01 1.422020680703136142e+00
9.216951135587019284e-01 1.372091223514669611e+00
8.242551016706212152e-02 6.229734964241337991e-01
2.645393425813291621e-02 6.215022830899412654e-01
8.307678699760590035e-02 7.213410029574652826e-01
3.451709175581130218e-01 4.736681879758972702e-01
6.098942457987658328e-01 1.220135300958466340e+00
1.641647697595691735e-01 4.794871434765949347e-01
2.911840541878760735e-01 5.990208160220800160e-01
6.702489599280733179e-01 1.129925185631208917e+00
8.270457945251522558e-01 1.500067447076130600e+00
4.241819984081864892e-01 6.954416661819939893e-01
5.437451634962786606e-01 8.595898475825567431e-01
9.802620160930294313e-01 1.117444938508634689e+00
9.862013865372052379e-01 1.096234097800659724e+00
9.462433178812691414e-01 1.497087960444438259e+00
6.763198315395054783e-01 7.720749628376269991e-01
8.726783183412113454e-01 1.153062928140856425e+00
7.510762049207733160e-01 8.687388979557424395e-01
1.561988670182347105e-01 2.762697280136552358e-01
3.079227026197790540e-01 8.956072394293058681e-01
8.108611890023952329e-01 1.284315760685654118e+00
6.125836729812520476e-01 7.120783238777046442e-01
2.382752605564556481e-01 9.776209809888988245e-01
1.448539469503540289e-01 9.043116680515287387e-01
6.563288787078839226e-01 9.290715333613018823e-01
7.036983213296074124e-01 1.171417880302571657e+00
3.616607801375884002e-01 7.715495895735194898e-01
8.028192534472778918e-01 1.358414818417582604e+00
9.554085099201702347e-01 1.408788209742475317e+00
2.173571807101977171e-01 7.286230065429974978e-01
3.032144183611551469e-02 1.921676349356297164e-01
6.309027723925341169e-01 1.371861012006439395e+00
3.701569373446459421e-01 1.190564433904885089e+00
3.972689983541228820e-01 1.381487094279011618e+00
9.514802317332866632e-01 1.477617404908788235e+00
8.869000150834547291e-01 9.906473217364958339e-01
