6.846876377708264183e-01 1.634750840733751875e+00
6.209664133238264050e-01 8.115801073259049092e-01
5.345988109433755797e-01 5.813674770320481633e-01
3.696008739848629654e-01 5.511617115383181664e-01
1.313599169563166580e-01 5.597650815929738899e-01
1.731878411456321265e-01 8.419141000815204556e-01
1.464382965277286619e-01 1.049124500302695662e+00
4.062393463040244734e-01 9.494929447369915287e-01
9.980426021927246705e-02 6.697909978389833263e-01
3.074109621131191350e-01 1.243794980044801157e+00
7.047314829279616166e-02 5.410312003648877210e-01
4.544848355617029378e-01 1.122163418252529521e+00
2.222536065168800867e-01 4.353802744662298441e-01
9.962933580290881386e-01 1.481313593327327593e+00
5.582347859226659548e-01 8.787273889586104669e-01
9.154858753733116083e-01 1.054316697234585654e+00
8.558593831246035233e-01 1.424604225262185109e+00
1.540038860879855420e-01 5.248128323959457830e-01
5.473351355456722578e-01 7.742698964196381706e-01
4.826651438460297650e-01 9.882918494701146139e-01
1.676730116176126106e-01 7.388596176015159722e-01
8.491557006239298655e-01 1.392350486708066493e+00
3.772028746073978756e-01 7.982963066554372711e-01
3.109153727881137641e-01 5.508378354765383067e-01
1.796610974225953949e-01 8.255428246583932372e-01
8.171637116468570827e-01 1.365494790253671820e+00
6.614852508865688430e-01 1.194091687355265607e+00
9.258028604756795010e-01 1.523078480303195814e+00
2.097723829484875457e-01 5.389586970146764688e-01
8.672545092341574779e-01 1.305850100678887404e+00
6.815943224821461310e-01 1.291564987209871784e+00
7.801520528998125981e-01 1.080359232827242666e+00
8.988395563253449572e-01 1.046626791862005801e+00
3.849053614787992794e-01 5.905431976685542317e-01
1.570183161670035688e-01 2.712387947532255428e-01
6.836473378686527269e-01 1.016800416130206663e+00
7.601782720912628744e-01 1.615845484435371571e+00
2.488488156140633567e-01 6.123116450841450398e-01
5.945117712295012735e-01 1.298397012376317772e+00
7.157335786861837024e-01 1.389900875296362415e+00
4.681409403539690262e-01 8.903485692576360577e-01
1.697573998954344798e-01 9.032727921763508139e-01
9.787366585098705718e-01 1.641776427698235175e+00
3.281378934362312316e-01 8.487094669355468302e-01
7.865929609913463461e-01 1.745266589133335655e+00
2.011086581328573875e-01 2.434509324103077965e-01
2.158748866465264316e-01 7.891255173474742701e-01
4.834161314774212403e-01 1.051346884043063978e+00
6.721710106730945933e-01 7.857773848495567259e-01
4.186588636434342980e-01 1.153305051376570800e+00
8.764123730444379756e-01 9.023533342131824231e-01
8.247639483389623827e-02 4.232245285797813228e-01
5.342337011369311384e-01 8.093762821105691119e-01
4.647813410895871300e-01 9.621632243247080218e-01
9.497317348640416101e-01 1.891186232862793970e+00
2.140995659907575233e-01 2.214218915976569058e-01
8.993622574468849162e-01 1.585522013406234221e+00
9.870576777502301224e-01 1.214041398215849998e+00
4.168412968285654108e-01 9.523351205483042703e-01
9.789021617447470902e-01 1.210969849926985642e+00
3.422501278444816109e-01 6.640173448120885169e-01
6.892255802507959439e-01 9.711220197025831613e-01
3.041162880174618222e-01 1.080080459168238249e+00
5.054262202477542987e-01 5.919894505676406293e-01
8.235443365132634197e-01 1.051322734400680137e+00
6.681871997123816076e-01 1.639514133678119379e+00
4.335131313601652270e-01 6.316831495840640187e-01
7.814503719957057726e-01 9.959581025339701021e-01
1.233838011086284547e-01 3.987816444103661206e-01
7.794594559168597225e-01 9.542696578064400192e-01
3.868632648657710504e-02 6.968891389645860412e-01
1.989333879570267527e-01 7.771355384746745365e-01
4.991388542152743746e-01 1.366801119022794886e+00
2.766522860423832331e-01 1.072210095415294884e+00
5.719636168562916012e-01 1.366653272178120604e+00
2.033926510194016268e-01 3.666573234900655232e-01
8.883031742422697885e-02 1.015352067923380730e-01
8.960036813215295215e-01 9.651877985692572937e-01
1.871549852287839322e-01 4.513250325931954521e-01
1.032728904852805440e-01 6.535971216655661609e-01
3.711989066606721233e-01 4.543585980347365494e-01
5.955487146784310681e-01 1.018738832491308699e+00
5.620782026117352448e-01 1.163081626267339352e+00
7.569890709967919129e-01 1.261044792778043266e+00
6.037799414286836308e-01 1.194366204989948832e+00
9.908723234315838235e-01 1.583819872873660550e+00
8.313272156813622527e-01 1.561646759498492631e+00
1.138599345923193562e-01 4.557547197047060461e-01
5.567594449950653557e-01 1.386906019897631737e+00
3.315062949302658435e-01 5.315126242620800134e-01
2.071958599945279422e-01 1.133419619243507537e+00
4.447149711165165886e-01 4.491549669340868522e-01
2.864463804523482704e-01 8.331873699022107616e-01
3.804089841777452685e-01 1.127821993565838232e+00
3.550041913684296446e-01 1.332972706889959280e+00
4.351065222397632049e-02 4.038769121282710373e-01
7.953151456968897692e-01 1.685896112702786276e+00
1.629843066541085683e-01 8.996016203311949511e-01
7.183912093919444519e-01 1.638053698369467348e+00
6.784593859689921347e-01 1.427382339118868693e+00
9.737877515147542740e-01 1.066425566289161742e+00
7.824191639391964159e-03 9.491690410178923454e-01
4.349057117904586711e-02 8.845923187205179117e-01
9.744025732758301306e-01 1.399425981383282558e+00
3.617367586145386893e-01 6.699030299766877139e-01
4.212252143550411221e-01 1.038696730090616249e+00
3.936767820040787402e-02 2.808512005648717835e-01
8.188803484870235128e-01 1.306840238484764161e+00
1.031906327013518698e-01 1.413080411930416336e-01
7.753870946092811245e-01 8.949935914373625678e-01
