9.000165112337208395e-01 1.502513834829684924e+00
3.340816604924722322e-01 5.309555378633256106e-01
4.304744274992535757e-01 9.403088676012256730e-01
9.283253928087235041e-01 1.802526008130175494e+00
6.782274326419112098e-01 1.488726105564535995e+00
9.959784934022600789e-01 1.149501308114434739e+00
5.226335477215650061e-01 1.293658916564021100e+00
5.287724469599965893e-01 9.886098705140601295e-01
2.138546212331715601e-02 6.497065566126228875e-01
5.597401867230542560e-01 7.661323722438485584e-01
5.491209291376951684e-01 1.205362884145398272e+00
1.371057140156396459e-01 3.230438903649748283e-01
4.378816429017584611e-01 7.297996742372389045e-01
5.545864517464134114e-01 1.210876655246552858e+00
1.353304262033159233e-01 1.659865146586979590e-01
5.169943811198809414e-01 1.149637089054970751e+00
5.569273015360826085e-01 9.053845150746976378e-01
4.980295411063007105e-02 5.524300569289545271e-01
5.578525562679227390e-01 1.420786868934840630e+00
7.077146659833352116e-01 9.966239114586512571e-01
8.068603710952911845e-01 1.711916434722997815e+00
2.436747097956826202e-03 1.251283164445911034e-01
5.687659165074087086e-01 9.365957585639277383e-01
5.196066086798858397e-01 1.224490887743135081e+00
8.276762986943220213e-01 9.412263299949438222e-01
2.060639196323982292e-01 1.151731002194471110e+00
4.987416184353640203e-01 1.261377049912518977e+00
6.619937354721442402e-01 9.748529063795041694e-01
4.567480830063688213e-01 5.629997371279410467e-01
6.074297700817747891e-01 1.397595572956337850e+00
6.508908641547083151e-01 8.484021965428653056e-01
2.652858447205898029e-01 9.289480407475453339e-01
4.963042189820178196e-01 1.488427599487964770e+00
9.480761407177846767e-01 1.933236643927719323e+00
3.215707273828267709e-01 4.528231049938706843e-01
8.685289568438480101e-01 1.418235941602069561e+00
8.181302162113817111e-01 9.035496413779362523e-01
3.030386029184343188e-01 4.703118665033184653e-01
6.787452124498424277e-01 1.195407678058681977e+00
2.318030097668458689e-01 6.057070701699679427e-01
3.850527391040926561e-01 6.634774615542621268e-01
3.692462365211495179e-01 8.760669960515563570e-01
8.193125720366254416e-01 1.155379478755894418e+00
2.772442525316114459e-01 1.169166995361057948e+00
6.614631675692119739e-01 9.674609254283892401e-01
2.544395763182051295e-01 4.794022872632536236e-01
5.787439969442522703e-01 9.373644411857170455e-01
8.984938912185653770e-01 1.051853433023536954e+00
1.301586750173744367e-02 3.294616644690203655e-01
2.137756606235328150e-01 1.189741237535383522e+00
7.884626274624272346e-01 1.017601239389119172e+00
4.550004756804126860e-02 2.469991359726947389e-01
7.272915605477003886e-02 3.402570773080146882e-01
2.733507768486082012e-01 6.485544347736382775e-01
3.210773369172793545e-01 1.188621725123891970e+00
3.076877109619868822e-01 1.120201570305705996e+00
5.976344381780559489e-01 9.454870398971937373e-01
6.932774033877381337e-01 8.957626378628261721e-01
8.589081532771377647e-01 1.654810692072595568e+00
8.933133816508882497e-01 1.207953352560179994e+00
5.875883123098631922e-01 9.468368829126512232e-01
7.656541203920854688e-01 1.591548759286187442e+00
5.020742846230020762e-01 6.284321743415438588e-01
7.921343061842655020e-01 1.193300112663579604e+00
1.335822354293905168e-01 7.561361443193336251e-01
3.218657618044853397e-01 1.039252596622444402e+00
6.920814623387018250e-01 1.370347967134244449e+00
6.361196411936235195e-01 8.308641878997319319e-01
5.347837809735028758e-01 1.438920613360825440e+00
3.832409889900227906e-01 9.836457566937555352e-01
1.639046524636936786e-01 8.834247752280786070e-01
8.914135183810425467e-01 1.580141590882335301e+00
1.883026735322341771e-01 8.328113697126291459e-01
6.574894410791776167e-01 6.920921701246355306e-01
1.306987612878572902e-01 5.563587014846428369e-01
1.985930863535420032e-01 9.255073646875825455e-01
4.244513934595384175e-01 1.154618362742979132e+00
4.037476772725887564e-01 5.872231641247427358e-01
7.433224188586352588e-01 9.791408297160849594e-01
1.012017176443631428e-01 6.670890416619330576e-01
3.133770669934083930e-01 1.291592624332825512e+00
3.586722965521527140e-01 6.239936628673067309e-01
9.206867487960359586e-01 1.287376287883840842e+00
7.438629404649409471e-01 1.544798971791695230e+00
4.028074012323726860e-01 8.303738397642917990e-01
1.605628445698348283e-02 5.254885093001921970e-01
6.749940779682161995e-01 9.656657081005465271e-01
7.832369597428890939e-01 9.477569598880850599e-01
1.557258323860233329e-02 6.533902328476254295e-01
8.491850437235441973e-01 1.337082859635008170e+00
9.499803917224142191e-01 1.939336141259933033e+00
1.081451932435723018e-01 3.790664279787553381e-01
3.007388717541028544e-01 5.664798497638423580e-01
4.450179639556146594e-01 5.737560288839758105e-01
