4.409637496078235852e-01 6.472297461555734932e-01
6.366914916608963360e-01 1.205656182341320104e+00
1.535406376935488648e-02 3.475477155728501355e-02
8.546927136992318319e-01 1.833599661514784263e+00
8.687074954412397076e-01 1.818664455944014602e+00
7.934332662145201498e-01 1.177012611606575554e+00
2.436552831358023141e-01 8.172880846209914507e-01
6.022325960845296144e-01 9.796698764473213972e-01
2.377019671836466674e-02 1.013190907336626978e+00
4.472134395653055705e-01 1.015370735697395776e+00
6.225134883544680697e-02 2.566646108953647420e-01
4.805901618322291347e-01 1.016672415117962913e+00
7.867522449937345286e-01 1.710779324923201727e+00
2.982489244205391854e-01 5.504982809770868624e-01
9.282551617145973211e-03 6.007353674072161143e-01
6.612667976255941493e-01 1.425948457871255126e+00
4.102218066991404344e-01 6.765341797590438411e-01
1.597306780441960505e-01 6.097934606923950396e-01
2.751320051418129076e-01 1.207353916775797398e+00
4.767386821216779147e-01 6.128230350443059082e-01
1.210674894803480672e-01 6.217200234885056354e-01
6.329657268738967391e-01 9.749027435034043343e-01
7.757183824621793899e-02 8.127536463623105112e-01
9.770031651894545144e-01 1.270819198033751096e+00
4.787388942665471436e-01 6.175110257448859219e-01
1.908176229587342787e-01 1.982944110227418122e-01
8.304213459486567972e-01 1.137418139542175188e+00
4.670357402377142142e-01 7.365159501858040692e-01
5.237371797375771632e-01 6.049099463668573540e-01
4.972576574844710384e-01 5.778771453730869867e-01
2.089440661708691360e-01 9.279511178028426732e-01
6.842454530384851630e-01 1.133928427718207566e+00
4.868549607286148939e-01 8.338261813617079410e-01
6.180072133097398446e-01 9.765091132203266300e-01
3.837132163964389608e-01 1.049694764448857676e+00
1.711281464632739002e-01 7.184552784269445658e-01
1.311340155728100143e-01 9.275215282859163857e-01
1.285812846699211365e-01 1.118783662051358485e+00
5.646294691560378443e-01 8.464049404450318947e-01
9.936814437569299052e-01 1.693165618361104130e+00
1.312522655138118610e-01 1.051555947668576074e+00
9.181340944603781917e-01 1.608493760553189933e+00
5.010953429493656408e-01 1.156871042209401512e+00
3.652984964828415171e-01 1.233292626999388020e+00
4.705610137468025922e-01 1.068734742268226068e+00
1.963831383055099078e-01 5.964336990211007716e-01
6.423901692604667701e-01 1.204672595259102863e+00
7.170022934470976494e-01 1.150844683262604473e+00
9.311410620309952257e-01 1.433120894651285226e+00
3.572205087026584236e-01 8.653582215640829300e-01
3.431998251449493997e-01 9.002629547860022674e-01
9.350942952075229631e-01 9.543515373830413484e-01
4.803269213909424629e-01 5.245125476055675362e-01
4.817247186900674993e-01 1.480843804338806358e+00
2.429223242926680237e-01 9.203694034828528991e-01
8.137836935032052299e-01 1.129411078509304556e+00
7.177233554256678971e-01 1.636608380962924159e+00
2.066776239782872615e-01 4.297720888159353159e-01
8.613394599580790345e-01 1.364006858026790114e+00
9.902350897115823614e-01 1.043842417699848868e+00
3.424943507178240809e-01 1.059666980850187734e+00
2.023371501921668036e-01 2.263660980651981403e-01
4.749115342386375227e-01 6.158609880903155309e-01
7.193999100438259742e-01 8.164890540810951780e-01
5.431228266275290872e-01 7.004860360635740690e-01
4.255788323289451114e-01 6.264770669533985537e-01
7.906897610198325710e-01 1.724090027013246651e+00
1.205296738331151918e-01 9.289308927956316797e-01
5.411117329834892464e-01 1.366168327981976738e+00
6.199634838091742095e-01 1.183327615362767427e+00
4.337407632236306432e-01 8.590231631430675918e-01
5.988416781257572818e-01 8.082900102708057144e-01
1.506313710123594607e-01 3.495908490425063686e-01
6.444923492483177752e-01 1.419096469384880876e+00
1.919857523322174853e-01 3.312290478972558239e-01
6.271912232129406295e-01 8.515432037853634117e-01
8.210223690954792097e-01 1.650824309650437582e+00
1.072335219011220087e-01 1.147923742045805495e-01
5.222778735705683184e-01 9.157902258608331403e-01
2.990756390141452448e-01 9.268548512924099647e-01
