5.494524740598538681e-01 1.394053366056946741e+00
9.691676208972113127e-01 1.552096694687005618e+00
3.957366128082691059e-01 4.246254502565626199e-01
8.065144014045855236e-02 8.370178959985903333e-01
1.603752129187434594e-01 4.235932888853669587e-01
5.050634308289381202e-02 8.865144168059624352e-02
6.396071628197244063e-01 1.199859438935275691e+00
7.354082379083265453e-01 1.233087901740299142e+00
3.442031458131060706e-01 6.418588074141772237e-01
3.743768140129613009e-01 1.043607012006781520e+00
9.889579465043081274e-01 1.318250755567805133e+00
5.578240137015655353e-02 7.796344823633778454e-01
6.439990558181176716e-01 6.542187904227988460e-01
3.888569984134500057e-01 8.150458270863740751e-01
9.474121965630436515e-01 1.066002278699351713e+00
6.775668983220640706e-01 7.664381493855747518e-01
9.092980601102133020e-01 1.424829256013491197e+00
2.392874396969119077e-01 9.593736666727745721e-01
7.675837852576039566e-01 1.136020976380188063e+00
3.554155297418707393e-01 6.076802018946007022e-01
9.193585865104766386e-01 1.030875972014916986e+00
7.404230636593547299e-01 1.412370217215874080e+00
1.913232700320904867e-01 8.487618010522266498e-01
9.968619233440703109e-01 1.533654552472463628e+00
1.742000436971670174e-01 8.775159139662574992e-01
8.834801399669259814e-01 1.244867571328190259e+00
9.437783888298729718e-01 1.086713006492314726e+00
2.183810558084928743e-01 5.132154668552043608e-01
7.226321347130417738e-01 1.583104056416358763e+00
9.756836635295764726e-01 1.196071416255900965e+00
1.368761776315552403e-02 3.463209114520902077e-01
7.281148504778232056e-01 1.691909279677823230e+00
9.235409220671307873e-01 1.609570678211857508e+00
7.886085469555748073e-01 1.244319486735233848e+00
9.784763313691341446e-01 1.191686004325439363e+00
6.365898594965482271e-01 1.187058070968286305e+00
2.963013497056243839e-02 8.796379256184995166e-01
4.962425367793416031e-01 1.197406809424379492e+00
1.557031955699610393e-01 9.084861819106800906e-01
9.768428426619053528e-01 1.769016732031655881e+00
3.228781803559899188e-01 9.621693035278656714e-01
6.805587755862977373e-01 9.722665224976352327e-01
7.128976146281460480e-01 1.084732508694574715e+00
5.874539390780665338e-01 6.740371702565719492e-01
7.377511959894069715e-01 8.142574857052427006e-01
9.460308345240786565e-01 1.006749661898150627e+00
3.464311963818246243e-01 6.293467763474909216e-01
2.195499462076294650e-01 2.608958857656344943e-01
4.055589753189282609e-01 8.900461988278389747e-01
7.322358459918500984e-01 1.263480054082216864e+00
6.974251914866543833e-01 1.563144459267695296e+00
7.088388863170547172e-02 8.521074046085026499e-01
9.681857644747777769e-01 1.656906457120124188e+00
2.223159415346736001e-01 4.581024971231832943e-01
2.321870789155393577e-01 3.022641115524892230e-01
9.035068255093421374e-01 1.454912303029472609e+00
5.198724275588605392e-01 8.073664930863909683e-01
4.362491570560732557e-01 7.211179487037981950e-01
4.762276761343705589e-01 1.451794371736324196e+00
8.984619568537822731e-01 1.858028753428832225e+00
6.418176227454700511e-01 1.510228302241159337e+00
9.751649645683313494e-02 1.003268500363746263e+00
6.528342786261881470e-01 1.547935821823468672e+00
3.504761352525553875e-01 8.590771726775758843e-01
5.426664630091424524e-01 8.682533931653237946e-01
9.090785143329553897e-01 1.841330938294449604e+00
6.378852119715417990e-01 9.595305348568445858e-01
9.496585612337636872e-01 1.717718806746924898e+00
2.914325935177997096e-01 8.935677353672671908e-01
4.001528814660065825e-01 8.230508498565750619e-01
8.347490820187301042e-01 1.305438509543283443e+00
9.892789100652185086e-01 1.541450254886211901e+00
7.560934614780785434e-01 1.099773793374334119e+00
9.649214355171845670e-01 1.114983352000707528e+00
7.249578551974369400e-01 1.664511001894197317e+00
2.497892057256471121e-01 3.990668933026257914e-01
7.455602575562446654e-01 8.982126095523320641e-01
5.180417369646748149e-01 1.205446019875298536e+00
9.440110084225042941e-01 1.624881966186733973e+00
8.822948194049768933e-01 1.370041381432723027e+00
5.796820561143333217e-01 1.506506387649413803e+00
6.610782288845016286e-01 1.617394258016203290e+00
7.136503369832943866e-01 1.499086361064463802e+00
5.540194854602541463e-01 7.492326501832859975e-01
7.729557479387525465e-01 1.540616261447465218e+00
5.070917063636481981e-02 2.728596066687376531e-01
7.467508876798735207e-01 1.083023129742977542e+00
4.979219690048630742e-01 1.415706497376655992e+00
4.136864816776137932e-01 6.113876027340438002e-01
5.262720396937622391e-01 1.487456854373550019e+00
4.833939199530301600e-02 4.370016423768049441e-01
6.351038024817300398e-01 1.079340376076316943e+00
9.044032486332133081e-01 1.073285490370356809e+00
7.782001014453515664e-01 8.639592700106338841e-01
8.289926348262429689e-01 1.542646830759069498e+00
7.763325129898210886e-01 8.158133800256807122e-01
3.770119027151459523e-01 8.982786848616884923e-01
3.075098137640703833e-01 1.019562552452232485e+00
2.577610306315135658e-01 8.624354224740206076e-01
2.552362995231636233e-01 9.487033905102500997e-01
6.920704317338380873e-01 9.859057438003903107e-01
1.682084393552069068e-01 4.618921253269462346e-01
5.501918243383221441e-01 9.790303390341725809e-01
2.680172985495481441e-01 1.094022964914157736e+00
8.893398169701870470e-01 1.434508416644782347e+00
9.012560009237965408e-01 1.052503724702111843e+00
1.880167413936359999e-01 7.462820468867030765e-01
1.573365246721054600e-01 6.010919777381679152e-01
6.446328341823619468e-01 1.608588405049935499e+00
