2.633688912410955263e-01 4.489388919714938364e-01
9.316467873027306501e-01 1.564279346675831794e+00
3.323003922696698975e-01 1.255785765825119693e+00
4.353471600061527003e-01 1.310852488527388671e+00
1.521144357799599778e-01 8.680307800446639410e-01
4.463618792592809470e-01 9.676632989563425102e-01
2.798971150047857570e-01 4.041521568882939786e-01
5.629050483015429762e-03 5.584204821529330509e-01
9.386870477180156991e-01 1.584241126792047538e+00
9.067786024685393631e-01 9.236622900101519873e-01
8.178827381104506467e-01 1.287973051309465156e+00
6.720557575616987744e-01 8.881008337794235041e-01
2.287794598187522510e-01 8.710431526963745563e-01
1.694966828298172246e-03 8.203846415752696908e-01
6.761095454175339858e-01 1.504589576085358260e+00
8.475293653705719965e-01 1.212266261325748218e+00
1.392715863422794298e-01 2.372001447140468233e-01
6.051568730797388662e-01 1.186242287587606858e+00
3.125204433970732998e-01 8.782344106461992261e-01
3.995329129795421874e-02 9.533432000137985751e-01
3.469924316631514127e-01 9.241577936827313211e-01
8.556815989003710987e-01 8.763006466341064504e-01
4.491064427266175940e-01 8.055065152142296681e-01
5.521465478128616544e-01 1.545732532421634886e+00
5.856072595182082452e-01 1.441540239188860539e+00
9.462605208149190705e-01 1.763905639981954154e+00
7.957768449734958782e-02 1.232580904619537954e-01
1.218231535505717167e-01 1.642822773979343287e-01
9.730712118664117671e-01 1.363835987365794367e+00
4.651937922420417149e-01 6.384439150622065462e-01
9.157112718201798618e-01 1.741018745696000014e+00
4.754935351017863798e-01 1.100191697181361006e+00
7.405402578911246536e-01 1.133181095125000759e+00
5.678852034139997285e-01 1.160535722425466432e+00
9.368037201094148170e-01 1.367789855327298909e+00
3.367166243201646925e-02 4.644722521114394986e-01
9.750865686489544881e-01 1.737986469429644742e+00
6.797566268769850151e-02 3.754057549637228597e-01
1.051992477686846117e-01 1.632627089851704794e-01
4.789364017340114188e-01 1.225391849774203124e+00
7.001337018721911498e-01 9.630371902605523449e-01
7.013438011183972254e-01 1.195406884485738397e+00
2.197709936321908808e-01 1.051578504889992605e+00
2.817931114869204334e-01 7.362372176904815602e-01
6.416868557003602147e-01 1.259652234103502799e+00
9.315116084275687491e-01 1.813293793920009112e+00
8.893537900735085655e-01 1.060751326667795480e+00
8.844683804662996085e-01 1.265924346351919194e+00
7.964739867067646140e-01 1.598344912189570532e+00
1.193373055957624995e-02 3.802311888307851051e-01
8.566639424066504471e-01 1.642036901770729029e+00
7.161382813434223893e-01 1.697040564758237391e+00
2.114084100376826258e-01 2.129302330291836798e-01
7.290116009115165108e-01 7.579087978202659892e-01
7.632746650058385152e-01 1.260473931510041723e+00
6.968904434887054355e-01 9.227916140516065902e-01
9.083499196113574703e-01 1.907152501821409718e+00
3.093024748430123205e-01 4.324202260607866721e-01
9.224161104368030495e-01 1.059413096749048044e+00
8.925262470210338916e-01 1.462428037346057863e+00
6.020266256870759891e-01 1.540390620923919318e+00
1.839808182985822604e-01 9.601159075543617138e-01
9.945919191531260584e-02 4.107905614302366226e-01
6.214439402632612186e-01 1.186493022259366814e+00
3.322526623491289799e-01 1.309552965949345449e+00
6.123651856147745987e-01 7.793268037913539947e-01
7.003453763238951524e-01 1.046779805939208163e+00
3.302651130192194584e-01 5.537402920518723626e-01
7.655459995263905748e-01 1.632958249390187744e+00
6.089288558683003671e-02 3.700697899237649358e-01
6.471464862085714032e-01 1.344315584648146711e+00
4.028809793019518803e-01 1.074167555297371734e+00
6.304831299056898875e-01 9.793501354889545540e-01
1.349096896582959726e-01 6.485444827293512793e-01
3.327688305721978601e-01 6.340948989892376542e-01
7.081270186325596683e-01 7.695623600445651302e-01
1.674463075505988607e-01 3.484574920909815354e-01
3.215377234787474281e-01 1.041679633530149474e+00
4.017956998811597069e-01 1.044445815728308968e+00
5.481971137969110508e-02 7.405914882213964212e-01
6.358786240143657897e-01 1.085092217792912761e+00
8.084595672365850749e-01 1.233684532183151106e+00
8.737814732174893351e-01 1.735772553078152702e+00
