8.952633667201232992e-01 1.100798103730100452e+00
4.699383473988067994e-01 1.155483331782839684e+00
1.352912124064575838e-02 5.717596990058101403e-01
2.773900800408151124e-01 5.417803335473633242e-01
3.265321351488015278e-02 3.935365175393106263e-01
4.533218482947973804e-01 1.050046633258299611e+00
9.187270129846132338e-01 1.206354478579663381e+00
7.677969079816245879e-01 1.707045369531079437e+00
2.376397295148796607e-01 7.093543676050421132e-01
5.681401117556791336e-01 8.233196179618275101e-01
3.718023225623237060e-01 1.072081129389994558e+00
5.465170560421961365e-02 1.021729613244208856e+00
3.654319721732796067e-01 8.723021343843285758e-01
2.334399208327742059e-02 9.911781254790972273e-01
9.566166005972467357e-01 1.125373006840473922e+00
9.164232640371872129e-01 1.808630862284445362e+00
2.716617586185638977e-01 6.643652262738923842e-01
2.389470487936495857e-02 2.432466536686457292e-01
3.981473837325137932e-01 6.896611916096734296e-01
8.435248061720528323e-01 1.315798172797631338e+00
7.150532828372235805e-02 3.238173457737310024e-01
3.385489619432758834e-01 1.192425610361353971e+00
9.678358810169347404e-01 1.944827658997475339e+00
1.351754871053834073e-01 1.039050126141311647e+00
8.294499761227015489e-01 1.254523282177290255e+00
1.547756886894220418e-01 6.020341080439024495e-01
6.971189527898024041e-01 1.677295547359961336e+00
9.401434683473393061e-01 1.545761853202551883e+00
7.341008653571849951e-01 1.545087066206249249e+00
3.091096935767443377e-01 1.255726547998012865e+00
6.145902745159869118e-01 1.187648482370285530e+00
7.902904733462474685e-01 1.715004076030615554e+00
4.757970767236004983e-01 1.273382261414218952e+00
1.857623186755573697e-01 4.805929516413394165e-01
3.667921787356636099e-01 1.232270713788921057e+00
3.843523048581822810e-01 1.001392091097728532e+00
8.418740625792223709e-01 1.415494370124021462e+00
8.034570700749321670e-01 1.189700611162993305e+00
9.353854230048121998e-01 9.458496226812560526e-01
2.058009681482889652e-01 9.506551418734899839e-01
9.071758025703505757e-01 9.878507083364722607e-01
1.101665458662246522e-01 2.216948532899505331e-01
3.625099108046432317e-01 1.060811610245605330e+00
3.909584553309338739e-01 6.976589981560603615e-01
5.212468736658822932e-01 1.003377981498528637e+00
3.679548349140012720e-01 4.533730631131697164e-01
1.983503614663041370e-01 2.851063777886149175e-01
4.725280713911629293e-01 4.975475293183782011e-01
7.381484044145653067e-01 9.222768984951313920e-01
2.517419048861238018e-01 6.844109054825898708e-01
3.796695728605010700e-01 1.021989320364434572e+00
6.607258913936986389e-02 2.216866527223855243e-01
2.377987392222322693e-01 4.222404867968482245e-01
7.063739189349751424e-01 8.313019892681156042e-01
2.635024191881625288e-01 5.245546849706552717e-01
3.686871244422599281e-01 8.728745725394390087e-01
8.193918587641070284e-01 9.832445813954809877e-01
8.146120567617203267e-01 1.410860166122024584e+00
4.353313397601557000e-01 1.110289855070863307e+00
6.183881947415137414e-02 7.615210558934922824e-01
5.437272991764658947e-01 8.001207559721129625e-01
1.248257216232407929e-01 2.290517005691962149e-01
1.402271489051841735e-01 2.537521695810739386e-01
8.249283029289254943e-01 1.001006730099241793e+00
6.342581903565177592e-01 1.183413409981997066e+00
6.407539849341995497e-01 9.767047022488282160e-01
4.274861414030708406e-01 1.219640968327534658e+00
3.822096964506582761e-02 6.621118792649304252e-01
8.379383598762861762e-01 1.419642375056792805e+00
5.879889263531083987e-01 1.245029526575177625e+00
7.362863485415944709e-01 9.667425353212965033e-01
2.805985274280919928e-02 3.316568399201013095e-01
7.644989611465178303e-01 9.865791999349862174e-01
4.082116714368750898e-01 9.431978893957722043e-01
4.255422662948304957e-01 4.880539924652322892e-01
2.337498669927146056e-01 1.055722171628089345e+00
5.298589089096044091e-01 1.507365120518593171e+00
2.370610311298643191e-01 1.103712314301621200e+00
1.294784584763434276e-01 6.063350566759715399e-01
1.338030752706149684e-01 4.253234456058589963e-01
2.354289748274281946e-01 3.983496840629698887e-01
4.241273751540467485e-01 1.280099691038357523e+00
6.997768364943263153e-01 1.094147663462707198e+00
8.301958451940771866e-01 1.625307597446532082e+00
7.171551719322447616e-01 1.024812953786192082e+00
1.432916462208200237e-01 2.408987028947386921e-01
4.103097493932530426e-01 1.222692282875805780e+00
5.643490888088243951e-01 8.683262701976582898e-01
7.984327941001930773e-01 1.572799141265363687e+00
1.560299269202091166e-01 2.487140444899620384e-01
1.047068553630229326e-01 2.732259813075800237e-01
6.666863740544171080e-02 8.685176742177156406e-01
1.220109012173375973e-01 6.671071050498766919e-01
4.850458324942229504e-01 6.542543307254667928e-01
8.311784760987857013e-01 1.805931915711080027e+00
9.147679931186883939e-01 1.107344326775741461e+00
6.571135839402028056e-01 1.534761009720037706e+00
3.007641875076713101e-01 1.291275151857560921e+00
9.131602791129158625e-01 1.213096260596328246e+00
2.245463236334347412e-01 9.889118001568393268e-01
6.167340531115426128e-01 1.087414505347205518e+00
