8.111900879765435723e-01 1.746356897654871343e+00
7.766055168157605104e-01 1.067367102391524991e+00
9.011990296272253120e-01 1.613205481512312467e+00
5.523870454437447286e-01 1.269042289910781607e+00
8.819570880616657282e-01 1.011835591129387923e+00
2.109088900600605276e-01 1.091610121148755663e+00
8.636247124336079439e-01 1.019308960634779382e+00
8.334978412869642472e-02 1.546714742561081657e-01
4.483778809739590310e-01 1.446797256950266286e+00
9.484160806096242347e-01 1.422910215243159637e+00
8.134900016656837485e-01 8.917171939280409410e-01
8.485269423429854241e-01 1.665460327828402365e+00
6.168988165515876254e-02 2.718122709074614063e-01
4.533453448035248412e-01 9.522202282109567539e-01
8.125304881908825827e-01 1.353366356176104901e+00
4.580960848956205922e-03 1.978619817612508047e-01
9.400171931160734573e-01 1.085774837911722024e+00
7.464034663678636994e-01 9.840290936821263212e-01
4.053353293596657636e-01 1.038114545415977030e+00
6.176376837797979968e-01 1.318431739888137333e+00
2.738712735086908934e-01 4.604587382421683195e-01
6.577308381303191842e-01 7.010338859879020612e-01
7.119365472536057782e-01 9.334021993816926654e-01
6.956118214452002846e-01 1.260820778071431558e+00
2.346276144889328785e-01 8.669799695720894483e-01
5.075421739345609140e-03 8.689032889417184213e-01
7.218858865778233769e-01 9.129486271610721682e-01
4.210558031404141310e-01 6.947457362757909483e-01
7.178893769687459958e-01 1.383154277374209595e+00
1.199477229620860008e-01 6.959161513752685213e-01
3.126630421337375232e-01 8.225258197449422104e-01
3.788317137735139895e-01 1.247201315692058721e+00
1.771408090904250665e-01 6.529987166624678929e-01
3.507690231969368133e-01 5.230063147099449639e-01
3.446709045495900403e-01 7.850232404320004465e-01
6.115810864758627341e-01 1.008473907119516122e+00
3.832788674310858568e-01 9.573103551696027225e-01
5.455451773619230948e-01 1.008233390513197492e+00
2.814830232179009739e-01 4.490763733400560120e-01
8.260617649556255548e-01 1.643219251347715737e+00
6.664269839370859927e-01 1.197437393227871905e+00
9.743475691421294993e-01 1.009209179565380810e+00
9.595561210259073714e-01 1.713640324173809182e+00
6.042300779463527505e-01 1.468338156703171027e+00
5.435913465620076934e-01 7.807037771053392250e-01
6.112143477861741170e-01 1.497255302318272419e+00
5.130164787723688891e-01 1.118583816640151163e+00
5.675973069684625560e-01 6.928120343902430811e-01
2.378522007973926655e-01 3.172692274435590098e-01
9.150298313059210820e-01 1.280265179204165937e+00
1.945955662433836997e-01 4.002254265181944826e-01
6.224696781010297109e-02 1.145622468684460715e-01
6.134889004543808699e-01 1.399706034447073755e+00
4.551351475725717854e-03 3.278291358111111720e-01
3.472454427584950043e-01 5.081564214460841944e-01
9.453094417727476717e-01 1.499935846110074689e+00
6.399673213463945576e-01 9.193282595252126876e-01
7.117351616895994937e-02 1.036085037257111985e+00
7.104027114449739111e-01 1.624921394667790508e+00
4.197561321154971159e-01 1.033469680537148605e+00
4.168933648551158555e-01 6.125085800434038052e-01
1.147664962472361161e-02 8.433192551125557879e-01
6.412582407698270703e-01 1.003710788626980488e+00
5.456958530788212913e-01 6.295175473512486519e-01
5.360533141025027870e-01 1.292491266030293184e+00
3.677215601366535802e-01 1.228352319316134311e+00
9.975384908286045738e-01 1.693174867323199884e+00
8.674375612161979721e-01 1.679557081437626387e+00
4.373309962787502725e-01 1.112479372444608261e+00
8.834519582867668142e-01 1.809933270719482401e+00
6.367009906142754305e-01 1.043354395055781314e+00
7.176463923122872179e-01 1.296733794976182352e+00
4.389915036767294554e-01 6.986066536602651977e-01
6.931368645404920592e-01 1.365638864873588432e+00
9.230752270293730577e-01 1.325450462878365876e+00
2.921613106625919887e-02 1.021836473032534442e+00
2.209947792859998650e-01 7.975591652811195864e-01
7.118532481985350158e-01 9.098236646392827698e-01
4.704633603312040613e-01 5.980566986247676242e-01
4.676391444412435483e-01 4.762569901071446177e-01
1.531685542775640396e-01 4.888005600645680682e-01
2.580544211610529270e-01 1.140239818235129432e+00
6.565417676225997479e-01 8.885442531817322465e-01
7.400258950060430996e-01 1.235461026072460777e+00
7.332538123910975481e-01 1.652421586932020681e+00
7.502672571752491137e-01 1.498042135794935614e+00
7.732142233491712258e-01 1.656418364427397760e+00
4.669008528517984979e-01 1.343118245728305737e+00
8.712275701575835640e-01 1.538743622772488662e+00
4.118177388310589881e-01 8.282596775283530555e-01
1.893420042657800728e-01 2.509821404186710625e-01
1.509414496110049742e-01 9.158442232257624216e-01
8.987678300080943483e-01 1.372955214739918439e+00
7.605531463208731191e-01 8.406123436483565747e-01
3.770776632721588584e-01 1.123666502970421810e+00
2.676369028700716912e-01 9.471283514395708591e-01
2.337033229904759146e-01 3.343183874039601378e-01
8.282047666510407025e-01 1.709320967934534474e+00
8.983702256293097932e-01 1.020794416622499590e+00
5.930644275155549927e-01 6.487984999056026769e-01
1.661628006588724560e-01 8.493924102033262313e-01
5.307624820460495885e-01 1.452260222287021563e+00
6.265686930417926348e-01 1.353973724525689093e+00
5.773479012662697807e-01 1.385528674257744619e+00
1.855502799099371103e-01 1.144725815196665941e+00
3.001945010916192702e-01 6.083646015597167223e-01
9.526740266972115734e-01 1.461629599781282707e+00
4.382962199730945363e-01 1.299096848680276084e+00
3.101126715103805775e-01 1.024558397604877769e+00
8.907910048939604586e-01 1.281759489823942388e+00
9.016014609295422977e-01 1.847804993156374920e+00
6.666038723445335545e-01 1.209535885703758140e+00
5.670011327582199501e-01 7.244846067071993856e-01
8.341922534227905750e-01 1.513641041860405601e+00
7.926209844436566954e-01 8.043906779100203908e-01
7.293801927471886826e-01 1.468680148485455028e+00
4.863139379359564529e-01 5.052696146901807239e-01
