9.753190182227352567e-01 1.251032032066121680e+00
2.086796224244433784e-01 9.350886859179222688e-01
4.783153320279860399e-01 9.145580191258720903e-01
8.731755802880822870e-01 1.595595903450805819e+00
2.567300842434538932e-01 6.547579189836344460e-01
6.038241415332052942e-01 1.474011551906857953e+00
1.525667530986568599e-01 8.861383053567732926e-01
7.098103032618473529e-01 1.000310184340940989e+00
1.079549006521473009e-01 8.421372652737296738e-01
3.388754852405271301e-01 1.328887285251489692e+00
5.620856165681958894e-01 6.196976563882233835e-01
4.800812733361397022e-01 6.778472871522657206e-01
2.168318033684729640e-01 5.738869586754747898e-01
8.579779769477587914e-01 1.854501026194964819e+00
1.650564591785883550e-01 5.940078590222935828e-01
3.146260812753244318e-01 1.267113484302066606e+00
7.757869754924987538e-01 1.702453431526910421e+00
9.801073226558519869e-01 1.965768888746228349e+00
6.655038835465950653e-01 9.374191290736588744e-01
7.480162359371944625e-02 3.283063213642682943e-01
8.709188060321837455e-03 7.659890517390288700e-01
5.259681792654691268e-01 1.102924020749628031e+00
2.781942840103427406e-01 1.227552798069386109e+00
3.806213792053434464e-01 4.552962634292023747e-01
6.401076274371063635e-01 1.407755840124877311e+00
1.917646915078689007e-01 2.130461365190987610e-01
9.523889055392786851e-01 1.104847403733739242e+00
7.084309816723539655e-01 1.402671065810535467e+00
8.813045096981465543e-01 1.239985763570810917e+00
4.991981614947499368e-01 1.265755230637948703e+00
9.394192782699553046e-01 9.401062865563866167e-01
4.545412612966284183e-01 6.684085002273965070e-01
1.423908803765605580e-01 5.132299300295601885e-01
9.954446433271512129e-01 1.026112279458743615e+00
5.947194776010591433e-01 6.475108891942857881e-01
8.496037833287095609e-01 1.117115615231394798e+00
5.257969614014632587e-01 1.024603254299605082e+00
2.473509087883184465e-01 8.935594555610163470e-01
5.104392782836629783e-01 1.378327932889906293e+00
5.653042505489201952e-01 8.770083450641993350e-01
1.202088649167288859e-01 8.165252010094601332e-01
1.365347049471690166e-01 6.588285824453663508e-01
7.846766942745599938e-01 1.563776096631330770e+00
8.131675512709155562e-01 1.540625032823630169e+00
2.451101467465192085e-01 9.343400699432334866e-01
1.279332965809386602e-01 8.334285782941365239e-01
1.780343700046280730e-01 1.149417283869222928e+00
2.296810787128386044e-01 1.196472732473270906e+00
3.570548922701219929e-01 1.227370971713771741e+00
6.575802260317398229e-02 1.192006199529306310e-01
3.583758849026595916e-01 9.318883624919155340e-01
2.211098399747029042e-01 9.165028226834985858e-01
7.822561666359039156e-01 1.385818372852162916e+00
1.783522712692993117e-01 8.710167177482874834e-01
5.023883902780594823e-01 7.731321244102029588e-01
4.283285680588381217e-01 7.038481457178827894e-01
5.993408799860610037e-01 1.279402208800324514e+00
3.382317199927078466e-01 1.193312503464335261e+00
2.919405519330113830e-01 6.973915264195086339e-01
3.140131224972172452e-01 4.070200016717911984e-01
8.706622953407803234e-01 9.853254137470678353e-01
2.290064023619132749e-01 5.502057564237884391e-01
4.848498143176664943e-01 1.358779326036187118e+00
5.837734849927265213e-01 1.446095826910261728e+00
7.792743821843158836e-01 9.417743759168804019e-01
2.173929274578422222e-01 6.865235943428381615e-01
2.013779850783348202e-02 6.720520474665142574e-01
8.113313158291096672e-01 1.222451648614615749e+00
8.257235691490588669e-01 8.462280955549100758e-01
5.569104245938090170e-01 1.078095280955067681e+00
6.777142801173062781e-01 9.747305173477746054e-01
1.237486436998521677e-01 3.056310627766968269e-01
4.598425665043883726e-01 5.321927793606178181e-01
6.396378306016581305e-02 7.806998318174073193e-01
6.787844116674572881e-01 1.248597525570707578e+00
4.813579300339833056e-01 1.330031439526760728e+00
8.203927186841402097e-01 8.787218581787427096e-01
1.368479483194293689e-01 7.269721381943788918e-01
6.604052178098672732e-01 1.471071566879538661e+00
4.856604202600038889e-01 1.106277055025716383e+00
2.486578593358682587e-01 7.696151990593538272e-01
4.650744126936068312e-01 1.297992535008396064e+00
8.087028455824022410e-01 1.460802638490238170e+00
4.733964327696602581e-01 8.109999175109627867e-01
