6.444384366428029809e-01 1.343720793820769810e+00
3.846228025388690464e-01 4.307096562002140638e-01
2.293976827798512863e-01 8.465943521992229659e-01
8.904565842463258996e-01 1.106799712022393578e+00
6.151701927208266252e-01 1.458721960195454415e+00
2.530151893978553890e-01 7.909648319196783683e-01
6.970732183387062797e-02 7.229121816228505359e-01
3.202725978452236610e-01 1.085015869032232905e+00
5.210363172770682283e-04 4.603214693179967787e-01
4.906367682846100031e-01 5.821640685355951028e-01
2.615291623620046302e-01 5.821835751398318770e-01
3.160121121163677049e-01 1.197267294284975581e+00
4.351913452353362022e-02 8.500768130700020464e-01
1.207942327551622119e-01 1.017869420055755647e+00
8.292243048281381368e-01 1.211374538116900101e+00
9.286482248625188562e-01 1.119271750648739516e+00
5.376587148951460504e-01 5.829163188764626691e-01
5.777455203326886668e-01 8.478943670113306963e-01
7.287310714376110665e-01 8.925994633315929017e-01
2.410121611083851922e-01 1.065062329034980770e+00
6.768607132210380239e-02 3.111322271125144256e-01
1.964197627856214545e-01 1.195072021211260438e+00
9.024059469073625328e-01 1.077472096916001210e+00
1.486366482870663530e-01 4.097720770143026270e-01
6.827983519898876974e-01 1.408388801218712683e+00
9.964289195811459887e-01 1.734465236997252635e+00
7.965455208211366100e-01 1.219402720371736804e+00
7.770922357770918554e-01 9.386683759553253736e-01
9.729119542265474152e-02 5.809210016051684633e-01
2.174482108021746907e-02 2.536384604630480544e-01
9.415357391729969327e-01 1.598419501470416115e+00
7.955282277886331910e-01 1.165702337038786895e+00
6.929405133320859500e-01 8.317410862873984012e-01
5.778470343034501910e-01 6.514459288722329600e-01
5.679190615283787880e-01 8.077429084704267348e-01
7.928137669250656661e-01 1.125729039756732330e+00
8.563164885319801689e-01 1.814960388570250771e+00
9.967790563851555152e-01 1.538082903348397146e+00
1.399699707562707118e-03 2.089266915115595147e-01
5.289768423272378506e-01 7.213769756521091203e-01
4.875149728219998480e-01 7.772047622141791123e-01
9.983676324825316861e-01 1.020452637411311425e+00
2.211182965096251118e-01 1.006127106903871304e+00
3.394535117404743341e-01 8.161288434107899503e-01
3.631286566534116522e-01 9.047521160577136623e-01
3.698677531407343899e-01 1.295906537503877409e+00
3.901822321247373493e-01 5.209106614570675475e-01
9.907464010643737273e-01 1.265578846320378537e+00
8.599982815367764877e-01 1.511982116588429292e+00
5.140822789524672753e-01 1.279507739159579049e+00
2.614548163728210861e-01 4.471747946683776176e-01
7.834685628293669435e-02 9.951240149652179623e-01
6.320100594368820435e-01 1.296167834891758908e+00
4.198179984188297187e-01 6.082896531418846564e-01
4.962419601713841111e-03 1.349743203905022781e-01
3.739437374994886154e-01 9.980615715238243535e-01
6.365042662073822077e-01 1.565220985208193305e+00
5.930748603515634265e-01 6.724868837464097471e-01
5.240742970681496748e-01 8.629274459658893281e-01
4.074681508699879995e-01 5.317353334053472880e-01
6.372058024429481105e-01 7.538938469702575196e-01
1.704947450237860318e-01 4.566410714427533435e-01
3.615683806208573881e-01 7.497568399251597349e-01
8.521682562452426168e-01 1.352498152380184226e+00
2.616607846867710085e-01 1.099357684414312697e+00
9.266608312515942636e-01 9.718234846369275814e-01
5.192595817300127425e-01 7.979329892032047677e-01
3.922586510247664249e-01 1.295731111986913264e+00
9.805770827761316477e-01 1.838331153647883021e+00
7.575058479165400760e-01 1.425313406249436810e+00
8.983288171074473860e-01 1.882598394401832076e+00
9.286308750580810623e-01 1.865589753041060339e+00
8.530393768597565041e-01 1.051145339405050283e+00
4.626732581312383852e-01 5.570006588376749113e-01
8.265114184465173208e-01 1.329039946765705693e+00
7.543289086629676454e-01 1.341491017551177833e+00
3.293983252364385272e-02 6.156027621966937424e-01
8.023679236556783279e-01 9.895643654779137099e-01
8.118267873533533407e-01 1.452218791476628024e+00
1.832358700927473327e-01 4.442728921046096291e-01
1.486944945121282391e-02 8.986937866657286333e-01
6.851666083453041844e-01 9.332726423221326950e-01
4.911686765442647706e-01 1.069770292715130466e+00
5.888378165377694540e-02 4.226961648238318769e-01
7.339281290333188323e-01 1.431290465867272488e+00
5.197261910611308267e-01 8.890768210348072298e-01
9.269063618234218982e-02 4.826649545213341774e-01
3.367187036635422848e-01 6.710967706443230485e-01
8.111113719557898616e-01 1.283594796074744249e+00
6.453123166958479873e-01 1.622064178876857721e+00
5.414499583240137692e-01 6.210138530250953748e-01
9.844980796819499114e-01 1.886768503243068995e+00
2.843445988755035625e-01 6.566271714438418616e-01
4.126384692845262991e-01 1.289770982003878297e+00
7.484318830630629638e-01 9.226995304939322740e-01
6.359243978100419525e-01 1.115456740184427087e+00
5.081083384761198030e-01 7.326729324420397926e-01
6.305261097991472496e-01 1.136725571922486688e+00
6.228661478067801793e-01 9.032376746865251604e-01
