2.625444516200653444e-01 1.123107819982970046e+00
6.023951817507214868e-01 8.649941845169237808e-01
8.214224212025830196e-01 1.081089467610977684e+00
5.737513725137364240e-01 1.392289285505078356e+00
7.713028246361947060e-01 1.302539106460626428e+00
3.407138003014303917e-01 4.745679299772600501e-01
3.434008219820777752e-01 3.558702031087338513e-01
1.998462512454289852e-01 7.554411683269015576e-01
8.171917796323410199e-01 8.216139443625866123e-01
1.987333069051766543e-01 6.584126144201558617e-01
9.562043737626730877e-01 1.013134217940359072e+00
3.216132669069353689e-01 4.023742148694520182e-01
9.824960287818390592e-01 1.807993050535469326e+00
8.545543032618549972e-01 1.632906631785224771e+00
7.846466176095659995e-01 9.522094328721875112e-01
4.779438786742391532e-01 1.052799380130991391e+00
3.152377398620198612e-01 1.025571736431288628e+00
9.870840194814711754e-01 1.121361925570369289e+00
5.744450115784671684e-01 1.060721239315880027e+00
9.097923591744389027e-01 1.703319617635982386e+00
9.242163018432280053e-01 1.566673622825468071e+00
9.007639178086100928e-01 1.207232926305203957e+00
9.040181783733782783e-01 9.126639513658224567e-01
8.693393388932310062e-01 1.444392846506302064e+00
5.831283165263378976e-01 1.542580234020261898e+00
7.907809635978680918e-01 9.026927391632557640e-01
8.017395616518909751e-01 1.401588900534753712e+00
1.490146022192552211e-01 7.097587197229854317e-01
2.063355659579521051e-01 9.832326185007121966e-01
1.956544769691627161e-01 4.012212435643417452e-01
6.177765376763433292e-02 8.541021326998210483e-02
3.609292974526834286e-01 9.577510848928078024e-01
1.922922492984017184e-01 7.097388228619241346e-01
5.160203977558504018e-01 9.004221691510908565e-01
7.461604757522281028e-01 1.196120209226520403e+00
3.212383479319922408e-01 1.285953525691209798e+00
2.769402755326002552e-01 6.505607280850483898e-01
1.430132945399582578e-01 4.266368544216727621e-01
7.532597397171651998e-01 1.572668128988100822e+00
7.985129723368706856e-01 8.304709147120509227e-01
6.346888487049706651e-02 7.877925894111373895e-01
9.848570871496236112e-01 1.467378189776913366e+00
9.800908078949154278e-01 1.055911023371667312e+00
2.763769644439427742e-01 4.974616643670654037e-01
5.977674248744543339e-01 6.931877807198889574e-01
4.439997210950805684e-01 7.479413676824242518e-01
1.623279709782872171e-01 1.831831982374200196e-01
9.391282791836619293e-01 1.113094745897845073e+00
2.917463531221219375e-01 3.092418503251284090e-01
7.803659213457014854e-02 3.057216561191797854e-01
4.542692504595938763e-01 8.104040775185455958e-01
2.226615849358026811e-01 8.921451816413045188e-01
9.909362540883847048e-01 1.189498445541639970e+00
9.812354951019421900e-01 1.806181309797423085e+00
2.335746084726613159e-01 9.844575625441389644e-01
4.637487713184565985e-01 5.588401349630324200e-01
9.934005403352730301e-02 2.907914518336328635e-01
8.854790132556652482e-01 1.509660159760862541e+00
1.493980106967517374e-01 1.040052526906517949e+00
7.597487483897393812e-01 1.422392165361073157e+00
8.181050950738131267e-01 1.129959602468117996e+00
5.941127911933232753e-01 6.682620684764710717e-01
1.211287361529185258e-01 2.556107160653043886e-01
1.277677156723939778e-01 9.297074100857203316e-01
5.919387382174172707e-01 9.391490635100185891e-01
2.786759298239757099e-01 8.619823285970342752e-01
6.891537053936269697e-02 5.571108708011220934e-01
4.088280187759751882e-03 6.924596596427953221e-01
5.587892808974653791e-01 1.492107465474372230e+00
7.921036907412877248e-01 1.488121032574985181e+00
1.742234245150064975e-02 9.023417045522809099e-01
4.089553050139785872e-01 5.205027544824565311e-01
4.029418256826143852e-01 1.157089795988806458e+00
1.812123872610347242e-01 6.691509059420240879e-01
9.155330821212276371e-01 1.219220379872151705e+00
4.088093679695476990e-01 9.179582458763212438e-01
9.177033805556420454e-01 1.759761259869960792e+00
3.586821714770190850e-01 1.084925911181403801e+00
6.143119644700504312e-01 1.064249335298359522e+00
2.407679929046780964e-01 6.940019500033542954e-01
6.907062431656073587e-01 1.598881993045413008e+00
7.194365039793263472e-01 8.706242117249821666e-01
7.028966502309103026e-01 1.497969783491170270e+00
5.969721590632913744e-01 1.577665807275846266e+00
8.321030642225216711e-01 1.797422209595672893e+00
4.294276509841404854e-01 7.734338109709413267e-01
8.470629669527532934e-01 1.219416416134158299e+00
1.987096804846174569e-01 4.169918732009652018e-01
1.137190798584979401e-01 7.419105697243372211e-01
2.293012343645214335e-01 2.804708978345668013e-01
9.892600445799992759e-01 1.614586502454562034e+00
1.982299838165220152e-01 7.560495186460980399e-01
8.197217313956627338e-01 1.323718796464839365e+00
9.223113206756768934e-01 1.584224445045181451e+00
5.621519326915680459e-01 1.544732199317937926e+00
3.568466986727582002e-01 4.755073119972120788e-01
4.539560054511463383e-01 1.161814777252104580e+00
7.732825137670512605e-01 1.371199490393269382e+00
6.044784260984357172e-01 1.577454690586807651e+00
6.569522032088580543e-01 1.583650112419520806e+00
3.597939668030529781e-01 7.674085381848680942e-01
2.757273006492853007e-01 2.968168085532930656e-01
7.118158556720345365e-01 1.278603362029839152e+00
8.205399357954795692e-01 1.689857867900022903e+00
3.790915693059688785e-01 5.759416838393647264e-01
3.300992388582744130e-01 4.814192762643126899e-01
8.559325920948001043e-01 1.366276214902395925e+00
1.898774501045918939e-01 4.207754707347349798e-01
1.743911884635336307e-01 1.044685335067558896e+00
2.740253444657348991e-01 9.271024357434082264e-01
1.582979767480000577e-01 1.079720352967860730e+00
8.855892448226704294e-01 1.213174538839118632e+00
2.188918528877653591e-01 1.003126949604876250e+00
5.257114941970078004e-01 5.609945449071077617e-01
