5.633869185214487318e-01 7.164302309365390142e-01
4.197918481459276263e-01 1.150829572338865070e+00
1.449718336174872224e-01 9.473228591889699679e-01
1.613438482662696849e-01 1.158944568777338979e+00
4.817602334777835171e-01 5.314726762768537949e-01
1.997601230222502133e-01 3.785229760278441269e-01
6.760775525668066832e-01 1.629386645749379525e+00
9.803604553368119312e-01 1.963103031230663209e+00
2.714061843486313963e-01 3.873742659641731256e-01
7.294027464534363903e-01 1.481411408884545367e+00
9.201324716137582183e-01 1.861977820037787668e+00
7.701486713408283169e-01 1.266222908589938800e+00
4.283564401950437084e-01 5.215745160277528436e-01
9.967413641677969061e-02 1.071576909872596239e+00
6.293936238074471223e-01 1.021108703823171204e+00
5.845768507948789772e-01 1.189498390717576903e+00
4.083815749159097619e-01 8.734087134572871003e-01
9.490283311443606928e-01 1.599276377368761715e+00
1.056185597493037864e-01 8.530611994766397199e-01
3.803231916035468840e-01 9.044750984389166026e-01
9.815564694473095653e-01 1.912314293194569359e+00
6.201281742597142266e-01 1.352701763330166784e+00
6.870046390302906314e-01 1.177918511516057087e+00
9.129682256647755345e-01 1.329259760843315430e+00
5.473390133005824332e-01 1.439993308799679461e+00
6.025313865252099887e-01 1.542307581710196107e+00
7.931868081417934313e-01 1.071317130607795765e+00
8.427754351519854970e-01 1.557038053514857134e+00
2.787419525550872690e-01 1.222238828284634149e+00
4.602981494708110466e-01 1.024387060125451665e+00
9.386125691275487570e-01 1.204658307314786070e+00
5.595646878696203252e-02 5.512086046658258853e-01
7.187853008833776647e-01 1.325803708910159084e+00
3.872250403857346868e-01 1.378060656506018944e+00
6.335123249877072649e-01 1.583184035880186524e+00
5.709645339115296814e-01 1.200288886672746802e+00
9.704548751299402198e-01 1.246827361456177119e+00
5.483525060495810788e-01 7.727079513471641903e-01
9.951758816793154772e-01 1.309301392155284294e+00
7.186133118929192154e-01 1.676806065807851187e+00
2.850338824176239516e-01 4.653723537798708509e-01
9.323908871329393833e-01 1.593084156502732052e+00
8.587354471951619272e-01 1.688532116253072646e+00
2.164171273661223971e-01 3.125194078084371219e-01
1.328922473242071245e-01 2.137866863918048699e-01
3.540524614449426233e-01 1.039141839978391824e+00
5.645416479159662826e-01 8.177799579425591991e-01
3.189230341979886196e-01 1.082670388294795449e+00
6.183504835842746905e-01 1.358847789548401686e+00
6.836725582448196503e-01 1.280842294006327986e+00
9.143072339678758320e-01 1.227373739105537931e+00
3.232182443646436365e-01 3.790229211914146745e-01
9.562747443191573771e-01 1.219164886825903515e+00
7.532330987711484127e-01 1.707416717734387968e+00
7.366744136289730127e-01 7.597341297536481797e-01
1.521635715677449596e-02 5.889245818111479291e-01
6.826689842688611343e-01 1.084940624813943266e+00
7.923295976201961688e-01 1.514818148242474516e+00
9.180257465616081802e-01 1.531869348214306203e+00
6.327873152320595551e-02 9.758173603863329326e-02
8.270180642325331011e-02 5.228203000210280837e-01
5.057106185632356254e-01 1.351434217039499952e+00
3.142783192344011933e-01 1.026418076563154314e+00
7.600499128133756388e-01 1.491298822982390249e+00
3.231715836712389933e-02 1.954626192258652750e-01
8.854463792707371050e-01 1.021483561551773223e+00
7.508171533151367649e-01 7.983356273452214547e-01
1.177965631415514025e-01 5.082379791577481543e-01
3.081715506057041143e-01 1.306660239436887583e+00
3.883927383681813339e-01 1.200561411621923646e+00
6.569414122023310432e-01 1.502327588159395155e+00
9.566972597013708723e-01 1.114470762153353611e+00
4.816504952477277390e-01 1.130862738393673794e+00
2.961461683811341672e-01 8.280668759265309431e-01
6.112010406442235366e-01 9.542848412754418863e-01
6.173750104371233949e-02 9.959062406662885225e-01
3.067735090901920758e-01 5.158990043636465517e-01
8.784499278821138457e-01 9.961297790825900389e-01
3.968531115867502956e-01 7.844637985552556092e-01
9.160070342194656101e-01 1.756069547056072544e+00
8.270154257121683505e-01 8.948680400929129863e-01
7.931523848405459542e-01 1.275901416304661140e+00
4.234187916099663163e-02 7.631358217623219753e-01
9.324205195779874389e-01 1.929283193923742479e+00
8.936721064162574946e-01 1.346121347290887282e+00
4.236873885477702162e-01 9.171176782513041914e-01
3.183629633071546339e-01 6.365683889409486929e-01
8.274681107324450835e-01 1.377205064931865675e+00
4.519929410778729117e-01 1.313584325276120790e+00
7.547460441447684243e-01 9.136103224130752709e-01
3.368735047394637583e-01 1.037490779695919407e+00
4.337468964517136039e-01 6.793805493815162633e-01
7.979126443860364848e-01 1.406095362933603710e+00
4.738269969675481530e-01 1.055419033875101720e+00
5.812509765109029614e-01 1.373679352041768276e+00
8.381747067944467222e-02 8.823669855440487986e-01
7.643563854208498265e-01 1.414765582314523318e+00
5.484515786629423628e-01 7.717507609600535723e-01
6.321517690886202523e-01 9.184718073649362768e-01
7.241082648492913609e-02 1.405125657907682069e-01
7.262671396736735119e-01 1.128231385475066517e+00
9.441350073582835956e-01 1.625200240860365852e+00
5.577055322265571657e-01 1.555160621420234923e+00
9.840934485808420229e-01 1.564491119258925256e+00
5.027213931408723857e-01 1.368558193785673893e+00
9.680072562069657049e-01 1.315772390684453397e+00
