8.651129171324185574e-01 1.224522315477153844e+00
8.410561245970247235e-01 1.284508891196962654e+00
8.574794341058824543e-01 1.510742835114956772e+00
5.739839112893818651e-01 8.351796958955037820e-01
8.105806764409415610e-01 1.319362499242875408e+00
8.943663839119526671e-01 1.488537794559639638e+00
5.659577391296650717e-01 7.090061978894661721e-01
5.662930425873101692e-01 1.009351657795875656e+00
2.027712128800474023e-02 2.888059574838943711e-01
9.781112951667679800e-01 1.237149331656964613e+00
8.058631177398530854e-01 1.343824284338757558e+00
9.814320220944895423e-01 1.600755277622526895e+00
4.224142662355735434e-01 1.381691990893619160e+00
7.445169849738230150e-01 1.512196004571957575e+00
5.402036594195811503e-01 6.642981237070127998e-01
1.446153337078504020e-01 5.473510391921634355e-01
4.644749270890473625e-01 1.152092189786380505e+00
5.008265471620698683e-02 9.696202121583584743e-01
4.041609651792161806e-01 7.087949185143916919e-01
7.069206488443537939e-01 1.408340653995868053e+00
1.932694784510557984e-01 9.555586947810095211e-01
1.902192689891387678e-01 3.690064811923671195e-01
7.049726983580865136e-01 1.091817409215231072e+00
8.179376575629102586e-01 1.690897725260627205e+00
3.913972029631218597e-02 9.690403162634051437e-01
3.001512195482484158e-01 9.658848099719784530e-01
2.561623888294304319e-01 1.080915273225411255e+00
8.262011279143779419e-01 1.625535045473874174e+00
2.456779296948117253e-01 6.957361421348872144e-01
3.121067035387394828e-01 7.838392966361731329e-01
1.862957104844364942e-01 4.255238897762120276e-01
5.473336587607922077e-01 9.392615120219738323e-01
1.939025558646103597e-01 1.112576326530091197e+00
7.885536447310759200e-01 1.405606003340513555e+00
2.628380268469596714e-01 6.548329781743210676e-01
7.133695889111755228e-01 1.242322804476878595e+00
1.987555805534596542e-01 1.118246566557890898e+00
1.338125009216247774e-01 5.507801015583967397e-01
2.233413708597922209e-01 1.160015981343266001e+00
3.923067787496274939e-01 4.661502207343475312e-01
1.111782306061377401e-01 2.201596566166404978e-01
3.900375956186408199e-02 7.084474833112458514e-01
5.735265847310446752e-01 1.311103386946544713e+00
1.197486275762164043e-01 4.726747884802614541e-01
7.955014987171009633e-01 1.555067643388699627e+00
7.539572226052133619e-01 1.024099735053031868e+00
6.657726463316340215e-01 8.272028391924869384e-01
6.292650842758931162e-01 1.197670555357256195e+00
8.583907237861742034e-01 1.293377787531935441e+00
6.670374887314118872e-01 1.299351889064375820e+00
4.064121098674489119e-03 2.191664899992427085e-01
2.369871964085593641e-01 8.617329202622839857e-01
1.808690583938982188e-01 9.035070399896334425e-01
8.527799533311375413e-02 9.007594245324194171e-01
6.179758062748116343e-01 8.228274324190412159e-01
4.568120744597794491e-01 1.455223817199015723e+00
5.995390783160668979e-01 1.367593860233240477e+00
9.190067348594038732e-01 1.780214683838204692e+00
9.767469137139128676e-01 1.565981818400772774e+00
9.193139818569027177e-01 1.497845725907370973e+00
2.114037720507321305e-01 7.545770875265193078e-01
4.830803400693014504e-01 9.079416286623123167e-01
1.091295550429488559e-01 9.613287017412456281e-01
6.433046204682049130e-01 1.592146599357090020e+00
7.342091545840326861e-01 1.198699297766069982e+00
2.746811022751163289e-01 1.219645942685373408e+00
6.792436609704344264e-02 4.697697893478658404e-01
2.086059615423956348e-01 1.057753983820052035e+00
1.012698001378919965e-02 3.114115165210364911e-01
5.044800712982930868e-01 1.462125664267226455e+00
6.306808628942284223e-01 1.190530869004306158e+00
4.133361843961625981e-01 5.223250197257242045e-01
4.259525793560404727e-01 1.069190365573274626e+00
4.138317857368173369e-01 1.339543625085383383e+00
8.457742696208689903e-01 1.183497630742460949e+00
7.406697521031530007e-01 1.227823885334452525e+00
5.594635470775932706e-01 1.062017246256441005e+00
1.044843186635122656e-01 5.422054540779969178e-01
2.294221107492384615e-01 4.487986975751959706e-01
5.635959271930227610e-01 1.221564808283573944e+00
5.781242022566089878e-01 1.097280786331034541e+00
6.015725817723485136e-01 7.994003196381369580e-01
5.813097272855181075e-01 1.512978442408874580e+00
4.413318403667498835e-01 7.405437457685080105e-01
4.500342823407087467e-01 1.334926925655603558e+00
6.785643335337673276e-01 1.232501722690807267e+00
9.259348724860559932e-01 1.660881531962192348e+00
4.162512532687056011e-01 1.291031251662148271e+00
7.195598719203855076e-02 9.596572243128997926e-01
4.148751402383663578e-01 4.591337612051863415e-01
3.907654039981115490e-01 1.199801455565481900e+00
1.482046231757555566e-01 3.257144088495953493e-01
8.733075540283113947e-01 9.909198828476393217e-01
1.192469315500980231e-01 3.852016684203047880e-01
9.749540567109725719e-01 1.128401522177268745e+00
1.450872538535574741e-01 9.596970174405178300e-01
5.031770691973905807e-01 1.342062951299861862e+00
1.113382802796412108e-01 1.086180696118502986e+00
8.151033916328473961e-01 1.606228184782945601e+00
5.171043604302216767e-01 8.116326623336971302e-01
8.366351241386381643e-01 1.238266423751577028e+00
7.895165717632239843e-01 8.620927556501642997e-01
5.300047304283045380e-01 1.198188872569786234e+00
2.621554896171501836e-01 9.611373110129535213e-01
1.065683109246426952e-01 7.700541579878850129e-01
9.609983146038295621e-01 1.845265688001337168e+00
8.629898441351313565e-03 5.298594640330802630e-01
1.682440441961792210e-01 9.916590709815376048e-01
4.754170523639038581e-01 5.194907046539761764e-01
