8.657844415081540346e-01 1.727342993028289531e+00
8.915262616806208795e-01 1.529163254390140558e+00
6.595164801338966321e-01 7.731107252020605891e-01
4.534924769634851582e-01 9.376587285546164052e-01
5.867860818476661189e-01 6.373719325436448813e-01
6.752007237591406419e-02 4.670449067279895949e-01
6.393505142194576552e-01 1.113043897406493787e+00
4.391030620943816576e-01 4.795185396551358004e-01
4.060234162622299303e-01 5.619206887336938294e-01
1.516360683375347351e-01 6.986956336792360389e-01
3.361825841640325718e-01 8.988104215525563045e-01
6.332074437158128344e-01 1.114117610330198849e+00
7.550697420184140363e-01 8.275590834842887489e-01
5.981739205427437645e-01 1.515787408538782577e+00
1.307778823287664149e-02 4.432134744586467834e-01
8.781781838190594325e-01 1.432452569903602146e+00
7.087454185393157191e-01 1.303300052387522889e+00
4.809795591829068018e-01 7.905180965360474321e-01
6.041800685362598289e-01 9.271260695276283270e-01
8.866326259639483176e-01 1.665051264922448704e+00
2.730848207500407021e-01 4.295458998741337187e-01
2.396945392832218191e-01 1.130798069751593804e+00
1.983160651690574205e-02 8.444700715950778092e-01
4.149149985809837959e-01 1.207877785891171563e+00
2.921154296807727535e-01 1.266923195077037878e+00
9.847122511809214274e-02 1.020421186259318880e+00
1.086535877207306378e-01 4.097436082518755018e-01
1.060594297147198217e-01 7.804059597414001459e-01
4.826568761773603056e-01 1.060514206372637602e+00
5.094241959261097685e-01 1.099108280253768832e+00
1.482856398103299389e-01 9.987968851779114310e-01
5.211692427197975874e-01 8.295181897219983114e-01
5.445730205446592809e-01 8.819379603297791137e-01
3.148822690136399149e-01 9.534788172792657557e-01
8.656446722269124372e-01 1.040342860451554774e+00
2.984861118829384985e-02 8.704737637240697046e-01
6.941626412856435335e-01 1.419289722058461045e+00
6.744971796728268520e-01 1.431569904898545298e+00
2.952366248520496006e-01 4.999043571835755095e-01
3.468419154561612761e-01 6.343833429497578447e-01
7.571021187411898223e-01 1.442809039729691989e+00
5.222211117801909275e-01 1.516273468437991490e+00
3.875239068207557702e-01 4.495447701819857977e-01
8.589261818727332853e-01 1.803008461277355812e+00
6.681263100678691558e-02 8.148527435860970503e-01
1.177656034544021235e-01 8.184128674684484350e-01
6.566364478389048465e-01 1.196505645059452672e+00
9.566119191243794839e-01 1.422275317112231985e+00
8.296573294865984272e-01 1.603665365579408864e+00
4.847868530806986875e-01 9.687959135645327624e-01
9.930063884937299079e-01 1.746123378161704043e+00
1.287570256636463295e-01 2.055861625154392636e-01
7.230530151616917367e-01 1.364923832494528977e+00
2.590633581063234159e-01 8.150727502260485258e-01
3.205650355146798525e-01 1.033897040561866376e+00
7.385240568196155264e-01 1.337218466286488550e+00
9.003675262251703559e-01 1.684673029604024208e+00
4.225435826258547856e-01 4.292805380646554925e-01
3.918995146192152390e-01 9.559445541395187318e-01
8.408514472129455797e-01 1.200178715918189587e+00
6.169035607808349697e-01 7.257622369227587633e-01
4.144057750626134462e-01 8.769049803812891675e-01
7.580495191529486032e-01 1.477738036311735836e+00
8.812074312211030103e-01 1.819960194243205986e+00
7.241088118048188971e-01 1.571804799917987605e+00
4.562465701736803103e-01 9.041935764482222915e-01
4.227682022274485973e-01 1.180975752313967675e+00
3.970857184823295416e-02 3.233764236196733366e-01
7.062598834917201973e-01 1.456260033293243827e+00
7.944251645981169618e-01 9.501345911665851629e-01
9.461087027650323389e-01 1.431217357756140451e+00
1.559828466603506714e-01 9.920105814376801723e-01
6.564096741486551423e-01 8.089031052866498817e-01
2.155213913407055815e-01 3.287453653208022297e-01
6.430976032475742565e-01 9.771797767176583216e-01
9.350702294506496592e-01 1.173763561603715866e+00
6.251345194473171274e-01 1.092406724984062549e+00
7.506198984024214926e-01 1.147191240200219120e+00
2.099299225544323244e-01 3.499138433093680334e-01
5.407223741877188461e-01 1.373755090581409544e+00
8.745905822944638475e-01 1.767059480308888375e+00
7.436080438139990312e-01 1.298743373579574367e+00
6.472037518215951746e-01 1.521097113406037371e+00
1.489611501947268879e-01 9.536028522396980955e-01
5.490921100231749286e-02 4.366276819131621467e-01
1.813571445488468825e-01 9.911966055848353552e-01
7.544899079815047260e-01 1.373382558815508414e+00
1.892603826651351184e-01 3.118061676880481414e-01
2.888794813728725597e-01 1.047072279684535090e+00
7.015240890154423870e-01 1.151200214314562764e+00
8.909573110516418870e-01 9.445833282903548511e-01
2.354016177336103466e-01 6.984114645370053109e-01
3.029690816341740200e-01 9.312127402664305276e-01
2.249781199422951072e-01 6.582515649134526026e-01
