8.356122918594952598e-01 1.348082204078433710e+00
7.641818862189398986e-01 1.188085972862934492e+00
9.932105760190963473e-01 1.855609166093675544e+00
2.034250175102358948e-02 1.660023219844574127e-01
1.920202968399367105e-01 1.045348758729434113e+00
9.437050571855155612e-01 1.604721997556192825e+00
3.568402300547190986e-02 9.679850550496547079e-01
3.561182803662948926e-01 1.021675289169416967e+00
7.567767548739560146e-01 1.149931835298075633e+00
9.733818931606633695e-01 1.230334116316731619e+00
7.741352422095202357e-01 1.430680329532399098e+00
3.694630825093342397e-01 8.997112714067027062e-01
3.655415427919849192e-01 9.516538552662642259e-01
4.866802455946107608e-01 1.051063020941090720e+00
6.759620022440996356e-01 1.179711502027855685e+00
5.191221289315739451e-01 9.593095284901108633e-01
4.933483530540865303e-01 1.227832568682019510e+00
9.952419414154177746e-01 1.194689194141130617e+00
7.138359432917975589e-01 9.934638969153716248e-01
5.893164479152487312e-01 1.425866164665919200e+00
2.404991083844282285e-01 3.272375677877509270e-01
3.908987869288260697e-01 1.257826589795468575e+00
1.492040544693666870e-01 8.260469598737438801e-01
2.450883588820047532e-01 2.533136247095733040e-01
7.797134932295712861e-02 7.805236074199578544e-01
6.294539815199148292e-01 1.080352981861283368e+00
7.981938936785714089e-01 1.300915046041305700e+00
8.668608165593637560e-01 1.268880338695738352e+00
9.195161631885306885e-01 1.761410710723450679e+00
6.144911032469135836e-01 7.962894128457231879e-01
5.039092377356678698e-01 1.355285844301395315e+00
1.366822099046297589e-01 5.501357474278973925e-01
9.313348985710304673e-01 9.514801735107708547e-01
2.880786173906917380e-01 1.202451588143994110e+00
6.684089859799632327e-01 9.105774953493245283e-01
3.080689165348060587e-01 7.655108776472304699e-01
3.235868499494913841e-01 6.507039915537251584e-01
5.384858807069164977e-01 5.814289747993395263e-01
2.872741371340373773e-01 1.262527459400850871e+00
5.993062459013966947e-01 8.337068415250800113e-01
5.658069434427259736e-03 9.530667283114915289e-01
7.020023833656838796e-01 1.095127739984633752e+00
4.350945275460614825e-01 5.342944748317292047e-01
2.935997223003938839e-01 8.889170277816451637e-01
5.386659983038566413e-02 2.621385539529811348e-01
7.193233687724074343e-01 1.716276719812336538e+00
3.473115675955499304e-01 5.107183401061022865e-01
1.691675298419990092e-01 1.864305611168725063e-01
7.681157556731350589e-01 1.083320662541193968e+00
1.675421480833371168e-01 2.848232681024587265e-01
3.437336712819049067e-01 6.256776213033661271e-01
2.396025192371111778e-01 4.804747125278728825e-01
5.345973162981687565e-03 1.532569687109215373e-01
5.425104828199709406e-01 1.412461359991784571e+00
6.014821379755797004e-01 1.453337899486681462e+00
3.330608079948733646e-01 1.160658881093039385e+00
7.370350275728165812e-01 1.424393272088227080e+00
4.019111611078585167e-02 2.215733742094108116e-01
2.936511385390265794e-01 1.070757898035646249e+00
9.920049978050663464e-01 1.098076007262723808e+00
6.530580381361383857e-02 7.375874393627106507e-01
3.620550168807159519e-01 6.263440679392514587e-01
2.961067937828008034e-01 8.935712271077451696e-01
8.437035183388896797e-02 4.433613533852055477e-01
3.855484600129447381e-01 9.018910615720135970e-01
3.190703482771950483e-01 1.190803425595220899e+00
6.923446035355212969e-01 7.904239679171216615e-01
4.444525668908311244e-01 6.412912708820732721e-01
4.075596651947726023e-01 5.187655656972043339e-01
9.843586968692804584e-01 1.982496056215345970e+00
2.464067228228828954e-01 9.127155191289539893e-01
1.837079701196273618e-01 9.264505589677948239e-01
6.255764092913008723e-01 7.213925721920477763e-01
8.234631091378498136e-01 1.128902022552025208e+00
4.893156755268390778e-01 1.209540234387818103e+00
4.657728033392812828e-01 1.407094605327089187e+00
1.448301564387685092e-01 6.216425877751676765e-01
6.463324038847767516e-01 7.500140750956506563e-01
1.582519478002949453e-01 6.370662481623911022e-01
6.514243834942440303e-01 1.350491882146514389e+00
5.844652636664463552e-01 9.810956329414939336e-01
4.119705944265068531e-01 6.815302146742711065e-01
9.254673460922968609e-02 6.073788088839391364e-01
9.319621084584567283e-01 1.722949780190850877e+00
1.316689772806921566e-01 4.149431864132168135e-01
4.297201873406268913e-01 1.011274908161566621e+00
4.280994343454778139e-01 1.018882905248680526e+00
7.092000954214139341e-01 1.336750784348095245e+00
6.570626165751314307e-01 1.217843236021208142e+00
7.953340348655874026e-01 1.041326174005004379e+00
3.947637070099127010e-01 9.679622572064845443e-01
2.340928621076414640e-01 5.591353760911281778e-01
9.797183594801118778e-01 1.786029341640653634e+00
1.375474766895479206e-02 3.202103054998697296e-01
8.181035880060236742e-01 1.311082189682058363e+00
8.405479966373400336e-01 1.579022886992111019e+00
6.378895296150125516e-01 9.995087239781869082e-01
3.411407735197596880e-01 9.678244073373466483e-01
5.100493939069473681e-01 9.605195698307910090e-01
5.796931775928916286e-01 6.445799246339284361e-01
1.766368515474581180e-01 1.047185705925161692e+00
1.799110387831091007e-01 3.686827794643753320e-01
1.922257693858261396e-01 2.067499171657549706e-01
7.193882159124932452e-01 1.121281979430547748e+00
4.401598548364652475e-01 9.923886507886595654e-01
2.632750784463876448e-01 7.774070679481670521e-01
7.313945171447837623e-01 1.208886557291709130e+00
2.285835150338764166e-01 1.149851309821021683e+00
6.148505203847206557e-01 7.910235955113901207e-01
7.334086416661605989e-01 1.432587523915231031e+00
6.396955815620808394e-01 1.475560479430768179e+00
9.259164499715629715e-01 1.436653922808874162e+00
2.622595678315610135e-01 9.593137140628957837e-01
8.062093711935525153e-01 1.048408600394908241e+00
2.366168679282807386e-01 1.055695826338205912e+00
2.672455783841610755e-01 6.768146880905937524e-01
1.917123958613093926e-01 9.591276913421429295e-01
