3.527709166341442826e-01 6.474227816020033943e-01
1.034391193150034916e-01 5.310077401893713578e-01
9.748856225688917743e-01 9.988183549354714419e-01
8.590952209724322941e-01 1.666005198629184392e+00
3.323678572793055119e-01 1.265106897048120960e+00
5.032278769591657097e-01 1.386614095472827435e+00
8.100818922341563866e-01 1.633434212340053149e+00
7.756494758819290070e-01 1.572698217652063413e+00
8.505553037198686495e-01 1.361810230345781525e+00
3.830472707488669082e-01 4.601235675326641461e-01
1.862291664885517006e-01 3.871990643073545124e-01
8.516240268763375365e-02 5.991834295896659723e-01
7.102606692196212768e-01 1.142561830058305805e+00
1.381025963196657047e-01 1.048396556803302460e+00
1.829909303494466899e-01 1.176516254183548993e+00
4.200026831799230642e-01 8.495322341207912631e-01
9.859655019730639847e-02 1.041687186239417251e-01
2.637096050030417471e-01 4.978886111954987648e-01
4.103330765999206875e-01 1.259454541885320467e+00
3.361864070141391547e-01 9.217608019773385619e-01
5.519422725724387746e-01 7.439450617207551408e-01
8.660016567350442562e-01 9.960942942861817917e-01
1.214279978983767716e-01 1.002284043185663887e+00
8.217676318906580457e-01 1.762428126494837377e+00
3.342712800117306760e-01 9.691978601008535144e-01
4.719706086631506592e-01 9.084082328236504633e-01
2.020871140130969801e-01 4.367273951904482310e-01
2.797845513456259647e-01 9.568288899002547199e-01
9.595329779239727408e-01 1.234425495908641146e+00
8.322308830899621812e-01 9.809148094741522161e-01
6.062918151608905903e-01 9.577118651755510692e-01
9.845999977450359264e-01 1.285465936763113159e+00
6.193254252005654381e-01 1.036488021454864850e+00
1.406579878095275404e-01 9.022169326920773669e-01
8.821680793828473588e-01 9.298984254108996206e-01
2.738920658613318571e-01 9.947818287138292526e-01
9.995814964929310431e-01 1.172327153054256499e+00
6.672265379121881113e-01 9.925499533417764253e-01
3.091073488115115842e-01 1.294773098911926157e+00
5.019366156454491135e-01 5.749127053551965627e-01
3.630263536394074952e-01 6.690208193182046736e-01
1.436482452847021030e-02 1.006896747556621730e+00
7.613469106542801734e-01 1.640548903587562890e+00
2.078863217793843754e-01 1.172535556789797040e+00
7.623208197118269691e-01 9.097558753413647059e-01
3.575958940817870468e-01 7.157409155747718188e-01
2.138317020501314669e-01 9.707719608443085013e-01
3.762823151706595759e-01 1.040772516853361029e+00
4.474491884338871461e-02 8.660936814479982537e-01
5.932014110117438399e-01 1.539543472464636853e+00
9.834963173950542759e-01 1.695610921048590791e+00
3.371595333641563830e-02 8.622843749467463681e-01
7.115036044267331050e-01 1.192860983469939740e+00
7.371467170596268659e-02 6.154799146610081539e-01
3.113750845668428191e-01 6.650870382260281044e-01
3.967991475044264638e-01 4.486980506332215457e-01
5.812620929945827575e-01 7.415202820517440285e-01
7.537475036437579767e-02 1.014647973363083766e+00
8.174409064625521859e-01 8.849570873526677595e-01
2.183039889956298607e-01 2.844047844012936865e-01
6.957302422385602814e-02 1.672595575979050064e-01
2.252400279341936207e-01 6.009705890481913393e-01
7.440003620902221337e-01 1.410603033223480018e+00
4.467799546678062894e-01 1.073722024498658500e+00
5.632468328597964868e-01 1.237824116977066513e+00
8.833558582429301698e-02 7.679803121659685150e-01
5.700238928948349049e-01 9.119527301738706848e-01
7.864210206309679707e-01 1.014854101358997118e+00
4.517402127589019711e-01 6.255861114838781045e-01
7.495909066476270644e-01 1.160992812721796996e+00
1.947378720321979451e-01 3.578010473603436825e-01
7.536587251423826350e-01 8.711564891549693490e-01
4.736249548849604807e-01 1.195608837717074380e+00
3.410485126408530077e-01 9.035728034981213019e-01
8.229561890335079788e-02 7.784884256649284850e-01
6.887585372814886142e-01 1.466108554119312402e+00
8.860414334744226572e-01 1.028636263295954034e+00
2.849479099959856265e-01 5.110962319353374861e-01
9.298325561446844079e-01 1.302721452784325384e+00
5.099717502429879090e-01 1.295883504087302018e+00
3.882876827390440155e-01 4.313958836833640120e-01
2.302708581259474974e-01 1.055934078306627999e+00
9.951639624448546106e-01 1.081147271204799143e+00
3.028004175101732809e-01 1.018978897001482364e+00
1.003429606996401047e-01 4.797843985717500370e-01
3.541412137257695658e-01 5.227729677658716767e-01
8.533033946180073048e-01 1.051331577441628973e+00
2.049863121930654009e-01 3.520798401617193374e-01
2.173854814876482466e-01 6.173192887808127693e-01
5.965440712095895215e-01 1.220508671800919487e+00
7.999797872361943396e-01 1.261462468846099805e+00
3.300769619468535421e-02 7.708678516340432552e-01
