7.664921293905599953e-01 1.433496744320112537e+00
3.724931662356254503e-01 6.253833451333675741e-01
7.094130447191493438e-01 1.338588566832090487e+00
5.315822322360405083e-01 7.589418176781818071e-01
6.782289223668315215e-01 9.731685087146824120e-01
5.102845614151936271e-01 1.430195989470781193e+00
4.421217715934162573e-01 8.313377517187710009e-01
5.866710590829787852e-01 1.489031888559419148e+00
7.959766466569171417e-01 1.160385235519776348e+00
9.456403537402228165e-01 1.410485413527710952e+00
6.368990625776678183e-01 1.362067738395237093e+00
8.915823142076074737e-01 1.221838200488771786e+00
5.186109624687879061e-01 1.257162272192626551e+00
7.102246236557719916e-01 1.383991592579980834e+00
2.621815944213137239e-01 7.507842510118852841e-01
7.467318004884622162e-01 1.056972980958043484e+00
2.890358164573924027e-01 1.127608796283634307e+00
4.848268714749642827e-01 1.336901319925646092e+00
6.243175996632452929e-01 6.761476015518486093e-01
2.617642392152230713e-01 1.234984513425879893e+00
6.668712318659105742e-01 9.801960599439019095e-01
2.398613988014560716e-01 1.130253130070998591e+00
9.320769577940097861e-01 1.090050361535468859e+00
4.931302313898255907e-02 1.241510365689286743e-01
9.086419930586659977e-01 1.869402743318556492e+00
6.585875201159437919e-01 1.583607057863727352e+00
3.281089089098114808e-01 6.236563779825113896e-01
5.171467174897951269e-01 9.788756492098391604e-01
3.910048309137138522e-01 1.222183003647703270e+00
9.211672436192728242e-01 1.054251612599141463e+00
2.527755065176890970e-01 7.956611405492509670e-01
4.211809643785651147e-01 1.015593703798622904e+00
3.300311809329359303e-02 2.744350238873403125e-01
6.293631477313046396e-01 9.679115770400070762e-01
4.729040221291106461e-01 7.991733226451730454e-01
5.224528320282111338e-01 7.917021785079877416e-01
2.711732279129511758e-01 2.934374294939691152e-01
9.212614356600943299e-01 1.057895060885918337e+00
4.622257540430118050e-01 1.078041849804810326e+00
4.173681005986729087e-02 1.004020651822068899e+00
9.960000497582803813e-01 1.545470265430494372e+00
8.280156586115541284e-01 8.863605509533932780e-01
6.017345995219480770e-01 1.130609614853137934e+00
7.091495070524302946e-01 1.070133559715622962e+00
2.532086710255395667e-01 1.062480025657762450e+00
9.773509446267547585e-02 5.336862583366281942e-01
6.586818862690988485e-01 1.232157890896737884e+00
5.082140330635157577e-01 1.285470852599040814e+00
7.616171391258685919e-02 1.739241467257607310e-01
6.024307570866348494e-01 1.336031573081093438e+00
3.356157226165815688e-01 7.766177850626180268e-01
6.348158962856398357e-02 9.242615322533135336e-01
4.056078907318811932e-01 1.168840123586744717e+00
4.921261501504667901e-01 1.471050004659429700e+00
6.348226927736786429e-01 9.046673974474349622e-01
9.865069033235790430e-01 1.549522070428476672e+00
5.886392625148707536e-01 1.230784625263811716e+00
8.271994474373847162e-01 1.536329735357757409e+00
5.286775038455064912e-01 6.721704616068235882e-01
7.996646115848753400e-01 1.504552632118638877e+00
3.439495151889161439e-01 6.304964595826859641e-01
9.927389743118604226e-01 1.346350540025964992e+00
3.132239288247696818e-01 4.130134918248212772e-01
9.707797146038643632e-03 6.745652342988046613e-01
7.541788189343223703e-02 6.714801757730013421e-01
5.205480062329411739e-01 6.189462611806259007e-01
4.320620845447603608e-01 1.271895659545103197e+00
2.333762814661344276e-02 2.900498528208775850e-01
3.724094430046329673e-01 5.659840318332542974e-01
6.031348113449608306e-02 9.872764205291401085e-01
3.495756950730116719e-01 6.961127062145199274e-01
7.994039949374066589e-01 1.310719185871825232e+00
7.010742116087471665e-01 1.662482046185384199e+00
2.138208944816825108e-01 2.669096855016721559e-01
5.590784653570924911e-01 1.313182208571788578e+00
4.988743588811359597e-01 1.326642439401269247e+00
9.934056647851799982e-01 1.898403242091278198e+00
5.032742432940029431e-02 3.855420223383864142e-01
2.308769108256466529e-01 6.180691588081461685e-01
9.877825446082580951e-01 1.136892606377700954e+00
1.799479549745262030e-01 2.289795569073332926e-01
6.219263255016194147e-01 1.367954463300990575e+00
3.333030165387178556e-01 7.694592250374551190e-01
2.713660883582981187e-01 3.355283398742037182e-01
5.714866199125163693e-01 1.242058608682961474e+00
3.465897977507891303e-01 3.954525355013568388e-01
7.020797242521670256e-01 7.991562063802857274e-01
4.250992458420193021e-01 9.066119352041477342e-01
5.041456415531240243e-01 5.104911458526329993e-01
4.761687500813327478e-01 5.648346439131873842e-01
8.620343306200866085e-01 1.771738632760806009e+00
5.353954522431720875e-01 1.498896397429491545e+00
8.777311843484647547e-01 1.601052705256710063e+00
9.014369590468960247e-01 1.650677032663469213e+00
5.173792422133849378e-01 1.178898303275922821e+00
6.787703901379161797e-01 1.485355084797041592e+00
4.337561661109217148e-01 4.923032776212133976e-01
5.848126339838297660e-01 9.683448861090686588e-01
4.426932372933880533e-01 5.216317723445611509e-01
5.010716129399459540e-01 6.615856370077840554e-01
2.536943881644477816e-01 9.729234225114221646e-01
6.403971182603636070e-01 1.139277646277106815e+00
2.889502492791433674e-01 4.924640896157370662e-01
4.228580469354266125e-01 7.993026946915725572e-01
3.587908519370563987e-01 7.339222215970416796e-01
4.375321377392248356e-01 1.053338421345275222e+00
3.940770326439970717e-01 1.214994790053924634e+00
