9.942984256887746897e-01 1.023343238813975820e+00
2.344919667049960577e-02 1.020420629890832487e+00
7.914783889435059727e-01 1.168222554136914226e+00
5.900008292771207197e-01 1.481864088271837465e+00
4.474915236894971837e-01 7.428218200159978357e-01
7.778687419214427301e-01 1.155708263890583343e+00
2.301396225429405140e-01 1.202347441600604139e+00
9.531519431086190597e-01 1.779463554497308309e+00
7.819619412171937567e-01 1.592221565523457061e+00
2.531593994497471911e-02 4.154281997641604551e-01
1.306923801650664574e-01 1.064304971012642431e+00
4.111042976990670894e-01 6.865098887457442567e-01
3.631765280196581624e-01 1.011014836097337000e+00
4.534587883594088931e-01 1.012357242057473794e+00
3.891652939473806416e-01 7.266200381084444437e-01
3.813055969343197571e-01 6.403420472767391569e-01
3.089151724277057198e-01 1.164667112464946808e+00
8.202660738700029430e-01 1.494335340813960578e+00
4.642331036125595389e-01 6.966161753881251473e-01
6.051020260037596188e-01 6.831115929306278423e-01
2.498705784349534165e-01 9.163347792410568848e-01
8.305231718395543750e-01 1.414589340844817800e+00
4.233394685997434737e-01 5.144898851487686997e-01
2.123688301462166583e-01 1.002013421772661950e+00
9.433258642457800214e-01 1.719506235184419030e+00
9.543498298593755536e-01 9.880437074542820497e-01
8.460006725179396447e-01 1.430215371738997376e+00
8.781257122591075159e-01 1.355322864114733683e+00
2.904303694475757203e-01 4.739648620784617794e-01
1.851054202100933521e-01 3.076259196059888401e-01
8.255890407847310541e-01 1.037397593991335576e+00
6.614090400506533740e-03 2.653226041279722613e-01
7.332890744958838747e-01 9.684721708369502524e-01
8.610387737540395880e-01 1.266721422338054737e+00
3.353322366595122839e-01 9.484029067072119457e-01
6.681869486291772686e-01 9.241709055207705248e-01
5.174666770344558131e-01 1.327397811232589042e+00
6.092304866799473917e-01 1.468132480583478339e+00
6.904111219011952461e-01 1.524088195864319761e+00
4.478052815602604486e-01 1.055849344497949538e+00
6.350987402922219083e-01 1.545760284465210965e+00
3.852201822962276756e-01 5.044845417897179107e-01
8.012707570352546327e-01 1.565494412952695313e+00
5.243090533783898444e-01 1.147233921884587282e+00
7.359249539981937982e-02 1.056582642561780361e+00
3.879885180833352321e-01 8.805279620510171323e-01
7.359540875973771268e-01 1.461603378200561298e+00
8.497762885583605152e-01 1.022390346198764011e+00
8.166153199647974148e-03 1.309409858449979147e-01
5.778771585162235658e-01 1.055436721289547464e+00
1.416415019917940388e-01 2.608274154864622663e-01
3.374187637627217295e-01 7.695938798761569055e-01
8.417605906761993495e-02 9.699411225396852299e-01
3.667730787830292272e-02 2.305605009585079967e-01
4.255334473524875483e-01 1.262438386922870137e+00
1.819087550006903697e-01 4.673222333321243038e-01
2.565658598216199460e-01 3.406851014657504839e-01
6.123758902537564941e-01 1.233846606869785978e+00
8.519726835642916773e-01 1.775243273631906815e+00
4.816396900204777953e-01 8.899613819460431285e-01
9.012923173076091699e-01 1.888636909415549514e+00
2.080216908687841926e-01 1.078097672420070818e+00
7.857507038165598701e-01 1.167728158858797993e+00
6.073512969188201716e-01 9.094206421932395923e-01
7.483936940756577005e-01 1.244356225474653632e+00
9.793986656750057751e-01 1.845381630436887743e+00
4.034153135605590412e-01 4.347592544851014429e-01
2.303927255752535874e-02 5.303173519083381748e-01
9.382660048306552536e-01 1.523096888963916040e+00
5.738290428905715723e-01 1.327205204136241434e+00
1.232866722185136377e-01 7.524885627280752942e-01
5.395013887343369507e-01 5.467946413066351319e-01
2.552320038840121263e-01 6.440731728579752735e-01
3.413075001703835820e-01 1.003435992157938994e+00
4.223540823743989758e-01 7.033456642483189025e-01
4.963743867357902628e-01 6.225506888775625969e-01
4.909390580726514797e-01 7.899632195245466226e-01
9.412820716364512785e-01 1.291935208988973738e+00
8.660477332248970317e-01 1.010416102547852191e+00
9.546293006475092824e-02 6.633729502690604019e-01
1.431914204604818330e-01 1.487591491441127012e-01
8.931342181959985860e-01 1.167388508567986927e+00
9.693696531584042875e-01 1.056993549187685177e+00
8.496291592545422988e-01 1.436170629728775072e+00
3.697454766884238353e-01 1.012385043608203583e+00
4.330944151657590835e-01 7.089889512560962892e-01
7.366530320625531703e-01 1.089989436065184059e+00
7.879782981514561468e-01 1.193958212145964426e+00
1.993848274099713214e-01 8.738512216439385805e-01
5.814995555969791896e-01 9.898284053878372291e-01
3.443447070722337466e-01 1.308189207443904767e+00
8.289080269472668405e-01 1.625001440276719666e+00
4.637161773238492879e-01 7.962901134427839978e-01
2.108093190636332048e-01 7.200635243536301910e-01
2.898639536313197818e-01 1.265675442151801500e+00
6.240346436860374491e-01 1.520794852774393968e+00
1.684081133493140481e-01 6.459039938648825085e-01
3.696492170442911007e-02 8.073444434578777029e-01
4.838670683366957936e-01 7.127133980334149355e-01
9.671162377394921794e-01 1.231162723903806988e+00
1.366398303163131045e-01 1.078669980111521376e+00
1.750129757248167772e-01 9.269165867403669212e-01
3.436215517912832862e-02 2.342333089594819118e-01
3.482920630171144616e-01 6.900399385543365405e-01
2.073752589282956693e-01 5.289719303208668677e-01
8.084027034343306273e-01 1.228228670135445011e+00
7.735828335841385961e-01 1.708073059831485718e+00
7.061556849180233852e-01 1.082447709228092858e+00
5.866703811270892466e-01 1.256892099102526528e+00
