2.242819133109629215e-01 4.326538335671924473e-01
3.041534735196929073e-01 5.230369957451704854e-01
4.411947449307118685e-01 1.113724489641991333e+00
1.648620821171541406e-01 7.638272672576420508e-01
4.310038204278334728e-01 1.044437645444094898e+00
2.591480307258198224e-02 4.703195289356209008e-01
1.074991745668639753e-01 5.748136951916820170e-01
1.766706353629950987e-01 5.081240381270365480e-01
2.335915681050338977e-01 7.367617675399654731e-01
6.485176230490019567e-01 7.566839325920412529e-01
7.479980772294374525e-01 7.953103234410452416e-01
2.311883434805406257e-01 8.665886868705769963e-01
3.883289367535569525e-03 6.239054881821466392e-01
7.980239361583603142e-01 1.664053988583474863e+00
8.549997091485328493e-01 9.408312751226282078e-01
5.545995110996791988e-01 9.124925231269203074e-01
7.928231632081453872e-01 1.284186170958653506e+00
8.961202510381127695e-03 7.189477243120436789e-01
7.238809150935309189e-01 1.090226812071742879e+00
2.174613149304399640e-01 3.271709473148043390e-01
1.690027914223949379e-01 6.079335645576925407e-01
2.317584096883529288e-02 4.869720748762085272e-02
6.932696901187183069e-01 7.135791284495294207e-01
6.541675501196269060e-01 7.818122310282219489e-01
3.566280511979561529e-01 7.266261137169039985e-01
8.322541705197127326e-01 1.378061376211574540e+00
9.305921656497897487e-01 1.627979962006578463e+00
8.358049736980215361e-01 1.623849754193760209e+00
5.383889548831080063e-01 1.102768239842480291e+00
9.513198273821297235e-01 1.875098706289734407e+00
3.856909808431050468e-01 1.319712684095753374e+00
2.330402407157913247e-01 9.035078419313465892e-01
1.644512885920845768e-01 1.664042623789661057e-01
6.231825650295299557e-01 1.222033684243178708e+00
6.678118591005967053e-01 1.561318228081951975e+00
7.090541985598393104e-01 1.444421407148497760e+00
2.007015847492373828e-01 5.842055370625583999e-01
7.967211049401305978e-01 1.462256159089101892e+00
9.145514221803523469e-01 1.728276587606992987e+00
9.715097679414209653e-01 1.581623944298851780e+00
8.671438010035948940e-01 1.464713749869455794e+00
9.359793443709472083e-01 1.871304755632597683e+00
2.588251191860999612e-01 1.171965934811610044e+00
2.521212997903012898e-01 8.754538902690234270e-01
3.256107580838555338e-01 9.821047376655961392e-01
2.171958108858356162e-01 5.678677300894878766e-01
5.683166791973701670e-01 8.660271609872698395e-01
4.154643516836369344e-01 1.385881068456395804e+00
3.911266019640184943e-01 9.011533164199775348e-01
9.561433291721078698e-01 1.243831813046864632e+00
6.372095390108295510e-01 9.998586745305944046e-01
2.437844877564330215e-01 7.440821399197602437e-01
6.928192632136968010e-01 9.796737072438431726e-01
1.156284241986289540e-01 8.417933546504200448e-01
8.419857341174535881e-01 1.735235873342200863e+00
5.134233785746068479e-01 1.326918483422069972e+00
5.006289080215884368e-01 6.670553992268040133e-01
6.042290841505817411e-01 1.047050583936245616e+00
2.385758016765028300e-01 7.302517970263158187e-01
2.966864906275219482e-01 9.337162646458692095e-01
3.119524598887702949e-01 8.452483140467276224e-01
2.560760802317695317e-01 4.802641595908930805e-01
8.894728712784814029e-01 1.296336969981403353e+00
8.563451140142066542e-01 1.104978373505193012e+00
9.120686182803360298e-01 1.445473015670550865e+00
1.120570418602289120e-01 3.916923147638344815e-01
3.906339052214461427e-01 9.451966534754727700e-01
3.206488009245975768e-01 1.254642227877424521e+00
7.791279844208750527e-01 1.426477543571746942e+00
5.922479751739484488e-01 6.502579123231423397e-01
9.124332667418458831e-01 1.401119591066853243e+00
3.668626044063201252e-01 6.642875494034020667e-01
4.585832634756912274e-01 5.419149710101512918e-01
7.536925286306956906e-01 1.346065522058070174e+00
1.360401318850540386e-01 9.713356191710746934e-01
6.909085257965736915e-01 1.422035231352495988e+00
3.484913639514584105e-01 7.799100897896014128e-01
6.522757800060277056e-01 7.005300081018221992e-01
1.836151400674258527e-01 1.101372037351194155e+00
6.110714367607806841e-01 1.197117020241091012e+00
6.818310129536108155e-01 7.060153704069859204e-01
1.365213977943682266e-01 7.371436304635681225e-01
5.290188727218996245e-01 6.763749132016497745e-01
9.329942871529082193e-01 1.100855187951559788e+00
9.849133105216539841e-01 1.824151126668659195e+00
3.917780748340249364e-02 8.868499418696765835e-01
3.107352378754342226e-01 3.391549352009407547e-01
7.079830389451853279e-01 1.070741148199902959e+00
6.118944016950026432e-01 1.303434985584313921e+00
5.113165064792003500e-01 9.760750431759195322e-01
5.485372325484184630e-01 9.615697103810446622e-01
8.410064144158638788e-01 1.455654325795261439e+00
4.303642945611555470e-01 6.123448430873906778e-01
7.148783035684802556e-02 4.784082184324928155e-01
2.139780231798522614e-01 1.032284384262178278e+00
8.125941596603619699e-01 1.365616070731663134e+00
4.017995185481064713e-01 1.187444903423026776e+00
7.093072980920896997e-01 1.479120365596786835e+00
8.528659497252460975e-01 8.567697170421386677e-01
1.607331647569345545e-01 2.256220844842348194e-01
9.427288692305486606e-01 1.035381675320206973e+00
4.935704871640349545e-01 1.443779752770292468e+00
3.054146434166712387e-01 1.211354203314714884e+00
1.776537083612205192e-01 5.431827705481020452e-01
9.502388678008599765e-02 1.858626943557087907e-01
5.470378755301926743e-01 1.088458593335825508e+00
7.823054510680558238e-01 8.864289462473562420e-01
5.161074126717735133e-03 6.310013364514158729e-01
2.379118624186326025e-01 6.123804119483612363e-01
3.707716143344281789e-01 1.250532255629614342e+00
9.523192689455883819e-01 1.383794877904146237e+00
1.609003104857620325e-01 2.530169772257013783e-01
