6.004477955794926824e-01 8.224779273233910892e-01
2.028419059016217663e-02 2.009440479344125619e-01
2.279928806266202646e-01 7.811191598585180973e-01
8.765687730257172294e-01 9.046185099138315255e-01
6.888612047601665456e-01 1.096760831102637557e+00
8.165520074921495119e-01 1.515628370152378057e+00
3.195619589843057273e-02 6.987419668721733812e-01
2.615307754128401996e-01 7.707049566140946606e-01
9.078486708043753683e-01 1.139194057886411482e+00
7.108814771354102779e-01 9.734320960200126827e-01
3.850609655888650451e-01 1.303280699196093684e+00
6.146089339770546278e-01 6.622054130495638180e-01
3.483955328469390267e-01 8.139098090319487611e-01
8.719151242592793061e-01 1.251536200450804159e+00
9.274112629412353259e-01 1.531855005819982463e+00
4.993591444707092819e-01 7.891624407542470188e-01
3.177455260166637263e-01 5.450275766673587929e-01
4.616482197683638988e-01 5.496173003157003301e-01
7.057139644999832484e-01 1.084182410515257766e+00
2.271402316599249183e-01 1.103503786648764029e+00
5.921444031795440877e-01 1.405676632808695814e+00
4.834028664327394420e-01 9.105100469296737442e-01
3.903718407026649517e-01 6.762751401961014652e-01
9.827835906914225150e-01 1.091646410154897495e+00
9.486821479443809935e-01 1.196862774953482367e+00
1.922998369112363104e-01 5.776413044355543924e-01
8.858386039497673226e-01 1.345980323825411773e+00
1.884245124117589487e-02 3.821852530664631153e-01
4.664253781360085949e-01 4.933229215626018238e-01
7.563887781791400755e-01 1.710226669537312505e+00
6.781878527650631039e-02 4.219245611623050340e-01
4.148557437302429207e-01 7.417917558271885925e-01
8.552591545567567177e-02 7.087164196656280390e-01
7.006154326768059271e-01 1.691169228420080106e+00
3.146050211139028718e-01 3.320062313296462397e-01
8.085421179199836494e-02 5.567905959793787440e-01
1.299944541145310328e-01 1.014205825126700322e+00
5.295676548063626976e-01 1.523299086369020561e+00
1.050387616525135792e-01 9.108756339832350113e-01
3.484921185741568506e-01 4.684304918873700707e-01
9.985170130359182217e-01 1.247069479971496309e+00
2.425015026685825026e-01 1.212180696356273568e+00
4.314892728399958299e-01 9.980623836119864034e-01
2.440265682205611242e-02 9.432270723877844709e-02
5.262645359025919234e-02 8.272640033138209947e-01
1.371714676399622412e-01 1.069801088683284274e+00
9.463831735223998676e-01 1.664102158688607780e+00
1.259673744317616473e-01 6.900091378326949076e-01
9.134867691806056733e-01 1.405310466305456973e+00
4.020069185688013302e-02 1.029500692703336107e+00
2.518016309785564566e-01 2.909892116321901590e-01
1.264494959156702292e-01 1.002114342135628666e+00
7.849361723562855442e-01 7.880809396480631390e-01
1.656979128453898165e-01 7.686720370850969042e-01
4.548584013987508889e-01 5.528567371092186766e-01
7.568848210361478479e-01 1.035190792955662964e+00
5.170064864247985170e-01 1.323887342426881997e+00
5.551593774306345930e-01 1.534603937785166128e+00
1.472521049141377603e-01 1.070625670765930515e+00
8.206971551227570938e-02 2.267508233266194440e-01
3.374340887192177618e-01 7.293840492536532993e-01
2.956756839082198551e-01 1.002655637214889150e+00
2.415251551238205563e-01 5.701230925301263852e-01
4.625090679279604267e-01 4.882907433335500480e-01
9.640909435846582998e-01 1.630487678095394743e+00
8.632993956465695451e-02 9.374813414316520710e-01
5.541697165316354923e-01 1.342458629961539973e+00
2.687324120415751638e-01 1.218067992388044640e+00
2.507245903082812033e-01 7.476449778091308618e-01
1.496283660403070481e-01 1.042337665299270633e+00
2.166003134021939891e-01 1.191138151787929589e+00
8.478648032856717087e-01 1.705489675768942615e+00
3.315207348746486149e-01 1.223618227570783423e+00
9.518668080370553675e-01 1.681269122645176584e+00
7.881070648541149692e-01 1.370577438404430470e+00
9.967098623460765028e-01 1.945828585210256367e+00
3.111707152992675418e-01 6.231435084965263327e-01
5.734400247075566170e-01 8.954176068932121479e-01
9.336969917181709988e-01 1.141848807848525382e+00
1.217370462792051189e-01 4.627321742074647082e-01
5.463386436519612754e-01 6.076119733773508447e-01
5.495743441022329367e-01 1.477645000978408341e+00
9.643901658109206299e-01 9.842293907243060413e-01
1.454459716707494632e-01 3.832860255871465283e-01
2.322053092662924589e-01 7.169602300827122576e-01
2.066923565787563977e-01 6.973222533165529535e-01
7.549867445685645162e-01 1.507643359294067231e+00
2.273836861406880461e-01 8.555106040494908637e-01
7.987200587902750781e-01 1.501011502947773080e+00
3.732391212085921506e-01 6.705914214162794762e-01
1.072088525335086473e-01 6.981732811547747275e-01
4.197205699512049915e-01 1.121490585108790183e+00
8.023842828885981993e-01 1.175359023810744308e+00
