3.828138286222515507e-02 3.747811591385229457e-01
7.501977006297090300e-01 1.636974485134272461e+00
8.706284042504766063e-01 9.707069138187954804e-01
2.506896116371336580e-01 1.076561470747027460e+00
8.375985160234012961e-01 1.545905500591583381e+00
7.946794866225687093e-01 1.440647176993276712e+00
1.110753400255272139e-01 1.485250659869717937e-01
8.662186379323308927e-01 1.281431674148971078e+00
1.351363049322892307e-01 8.650344173815227578e-01
9.441155923540321959e-01 1.099404329481295406e+00
8.625184316092115999e-01 1.453657575269665880e+00
3.918265464590590108e-01 5.039498576116889783e-01
8.934895356738591365e-01 9.220026234655220865e-01
3.132429304421954219e-01 1.297907716394838040e+00
3.672212773134161390e-01 9.904410790464918124e-01
6.639904734116846008e-01 1.654587687321883882e+00
2.318263761155671121e-01 9.823750211007840072e-01
7.777929453288893180e-01 1.148488145756831669e+00
5.012591023664824119e-01 9.866572914476610112e-01
7.405232832099994944e-02 2.243876573155650922e-01
5.446166746438629858e-02 6.365365832405645019e-01
1.863752001196572472e-02 6.337923760091168646e-01
1.029692713285635941e-01 4.873766461346366041e-01
8.920284380959808690e-01 1.136258530604792982e+00
8.331316481101735949e-02 1.529564878989395638e-01
2.467205264869699599e-01 3.488075953475388014e-01
9.596706321172023824e-01 1.071403427452272572e+00
9.971120574357439370e-01 1.702801148199575731e+00
5.192156728694661272e-01 8.842169652642646316e-01
4.210962617436831978e-01 7.811716582973691203e-01
6.306830013604404206e-01 1.243359121862453565e+00
6.604769582282596918e-01 7.252748272731410761e-01
8.997810713873579669e-01 1.800785047553728813e+00
8.024531503972276436e-01 1.779323543310422640e+00
2.073325556909926259e-01 9.341930406445514423e-01
5.266253900649532360e-01 1.340329339090225780e+00
2.649643451626554347e-01 6.167001797820871323e-01
6.264256947583513035e-02 6.072313112652493183e-01
1.125492967735096661e-01 8.564980082807173156e-01
3.095701837704813997e-01 1.277358553111428208e+00
4.055970447985114413e-01 8.968693749071385835e-01
3.782729150579035027e-01 1.167812656470886612e+00
3.862380371464597673e-01 4.898394170438001849e-01
7.954353505358761067e-01 1.124904953362838578e+00
7.151290903129299270e-01 1.103895747880671241e+00
3.466288852187460190e-02 9.503159646840507735e-01
8.501179300482918366e-01 1.479562609614766266e+00
6.789704459397494229e-01 1.553976422630102050e+00
2.080370107304115868e-01 8.461489853208061795e-01
6.111144864570973168e-01 1.308399489350138278e+00
1.186627837357467907e-02 2.139894290138187882e-01
3.353763402105207625e-01 1.201307679952226870e+00
7.013693914787966222e-01 1.478749734640920410e+00
7.084390377914754344e-01 8.146760492829211442e-01
2.410688419779319913e-01 7.653165380954826125e-01
6.182993739432017799e-01 1.509730932935070769e+00
5.100945500013115419e-01 1.092538604731744689e+00
5.558111113364250233e-02 2.168569596330236493e-01
8.248933362833215099e-01 1.080625834205830138e+00
4.915822995149099484e-01 1.461973296586626780e+00
8.656910836343598703e-01 1.420846576208795842e+00
2.421724696877644023e-01 7.883194361576170150e-01
2.202174891880070984e-01 8.714636392614902860e-01
7.498452971258590116e-01 1.140060506805822493e+00
1.984712221897625417e-01 4.873451808607912605e-01
8.664260610588807587e-01 1.515804000132189966e+00
1.416054651631050154e-01 7.161202899886370821e-01
8.624498980618425792e-01 9.199791222577500260e-01
5.804539916716109360e-01 1.315734638990373906e+00
3.618449749033125773e-02 4.657370372367453104e-02
2.991997445277497780e-01 1.008214458423348336e+00
8.162684361349304973e-01 9.029007045919920094e-01
9.427387836074966332e-01 1.161754005899227282e+00
9.000431679565412679e-01 1.178134378962682360e+00
2.251141132134903966e-01 6.859382837073332295e-01
3.932269046851877281e-02 6.523569215342015504e-01
8.013177743399431119e-01 1.773901312500836269e+00
3.961105178639569013e-01 1.070632778194082757e+00
5.808716205142117062e-01 1.248142645777851722e+00
6.415648104760104387e-01 6.911345141340698994e-01
4.869527381670128996e-01 1.325575556199833027e+00
9.809838112045321523e-02 7.768103737752122262e-01
7.742014357534510172e-02 1.040110714373618350e+00
8.661597932681969203e-01 8.675583190327501582e-01
8.332442092393997912e-01 1.449313851188435365e+00
8.377670379340546036e-01 1.491527952168913540e+00
4.886045384162068794e-01 1.323281504121772478e+00
2.168941345036321522e-01 7.708670399685737529e-01
1.983565997558804916e-01 1.068761729563660667e+00
7.272369597534789065e-02 2.979284289441060940e-01
5.234745626544341501e-01 6.466687676466589263e-01
8.930920646926385764e-01 1.361192075511940214e+00
4.456932790318746118e-02 8.624105850192680389e-01
9.849121643826231898e-01 1.624142561061737711e+00
3.255687246086725883e-01 1.280708918888987302e+00
