5.610597216842327928e-02 7.116846315290885627e-01
9.490331542351959637e-02 2.381753495259629760e-01
4.786561606400110414e-01 1.114821451869226321e+00
4.568028387929626843e-01 5.870947684213446705e-01
5.692353455928221839e-01 1.034020195949527210e+00
5.694376545386996558e-01 1.161404223994214391e+00
2.613602987789546139e-01 7.499423415912267465e-01
2.644892681954763569e-01 7.030177193287154847e-01
1.040013885639629043e-01 7.549722338127936583e-01
5.032932917709787013e-02 4.179803079927356668e-01
9.378236953412744104e-02 3.671534282600812382e-01
1.654117525624084761e-01 4.163546202072018199e-01
5.204194349527208052e-01 6.252491004317481949e-01
2.465100547644866191e-01 9.865406387223784046e-01
6.923029065139432170e-01 1.534157841288275037e+00
9.227951810740536720e-01 9.841628050939034145e-01
5.148698948136828379e-01 1.267948273792197433e+00
2.526072306622751951e-01 5.677632489706293528e-01
1.439922361511747351e-02 5.499525079103850800e-01
3.441835568367442866e-01 5.821058008888512214e-01
6.497359936710902506e-01 8.737218546267454533e-01
6.999537741625927456e-02 3.488010348758567858e-01
7.453239973719323341e-01 1.212143253974574009e+00
6.861794370568896628e-01 1.440694894428777850e+00
2.237861376606533614e-01 8.603057326756078371e-01
2.735766257003648949e-01 1.211044676725590463e+00
2.398287126611216014e-01 1.233421838686547423e+00
4.239772196477694655e-01 1.371309806209397797e+00
6.171726318761935337e-01 1.091182693733581566e+00
2.593018683398609081e-01 4.136349180192454567e-01
8.282633898162825581e-01 1.012191959285840159e+00
6.317983403353024663e-01 6.353101134419616436e-01
1.604598459673362010e-01 6.762382406785352185e-01
3.121405796803933264e-01 5.159388258503470048e-01
4.684579996699609339e-01 7.173164933000883980e-01
4.625819464847272799e-01 1.109674429923390715e+00
9.172027816943917333e-02 6.893073046918776203e-01
7.904649558919654151e-01 8.819328746587205003e-01
5.575936774732319634e-01 8.083784677068468483e-01
2.554143612647910011e-01 5.438923745754344896e-01
9.399368294427644654e-01 1.643571975653256967e+00
1.508483130691457008e-01 1.054400036336152091e+00
7.258064061792542931e-01 1.594571268259757257e+00
1.540002186852513777e-01 1.086201688877291183e+00
6.599016430599566885e-01 1.104776718481068176e+00
4.885550393269704195e-01 1.143684802741516293e+00
4.885857877776704772e-01 5.030976226303518484e-01
9.924733020907604564e-01 1.984114392256620452e+00
3.099010194550657626e-01 7.855459554869104188e-01
6.129351827924309770e-01 8.138435746208165789e-01
9.011326367775319701e-01 9.995837049258380347e-01
6.951977605950635519e-01 1.601382431384127614e+00
2.640312260650555798e-01 7.538544191927888383e-01
3.942864148116690393e-01 1.015056760048628881e+00
3.998123823946794220e-01 5.720991919465072684e-01
4.435717506250316244e-01 1.393352370526725226e+00
5.093004882901217556e-01 1.427305673896847260e+00
4.266664133511999246e-02 8.449778958565802300e-01
6.957290414064919437e-01 1.102315884287833558e+00
1.229568174757563748e-01 2.114361056084163026e-01
5.618929495216361536e-01 1.043932507646546215e+00
7.316638242567810035e-01 1.666236275935998545e+00
1.722961997395647815e-01 1.106497972365307003e+00
3.184039004553806951e-01 9.968917814667948019e-01
7.251437635250537195e-01 1.042657380841010895e+00
3.403154743825541617e-01 5.915312830498070662e-01
4.401991744913372751e-01 5.767903471352858746e-01
6.840799475447297828e-01 1.145140800987034968e+00
7.469342555395083183e-01 1.231844295503721876e+00
4.394670871276945556e-01 1.345300536118924528e+00
5.393986209744581206e-01 8.526235544251731246e-01
5.410998271633006285e-01 1.126532615410495097e+00
7.301080968259684445e-01 1.553384480984836280e+00
6.310853354093600709e-01 1.389510642112978145e+00
3.307883049671860309e-01 1.128485421399588740e+00
9.483394851019149030e-01 1.644860590456611593e+00
8.416792158656088985e-01 9.462656764569827850e-01
1.352101325418170186e-01 3.184226650796294633e-01
3.481834187651279278e-01 1.184128103949623423e+00
1.888241511649099147e-01 8.786277430273556899e-01
5.778383578674632925e-01 1.263479277725128469e+00
1.903239600200162807e-01 9.584205460112783515e-01
7.267960557326949012e-01 1.229259221448329553e+00
6.529207773677330184e-01 7.918719819310858776e-01
5.685937006701341501e-01 7.675686173932728673e-01
2.433802863450669207e-01 1.225500100590009911e+00
2.399965765061387035e-01 6.529295721193704161e-01
4.377263516477092331e-01 1.312042440614460403e+00
9.313513456559174841e-04 5.436673783571460694e-01
9.515442057531066089e-01 9.796836315831698450e-01
5.054459117595283546e-01 1.331067453693402403e+00
8.505189990281730728e-01 1.275376548696202317e+00
1.918800452364120002e-01 3.876048533977403121e-01
8.051357725049534952e-01 1.539775732152876886e+00
5.059923210097780899e-01 6.631982361149447724e-01
3.820806718724371054e-01 6.538823194022124197e-01
