8.342129383080437721e-01 1.228431647853222231e+00
8.723732027127929500e-01 1.774767395579689211e+00
5.658829724506291292e-01 1.493711042601303163e+00
1.105074735352660209e-01 2.339020703961287584e-01
2.535214356948660708e-01 8.521892348698959507e-01
6.127729007051484489e-01 9.519793833507154135e-01
8.778810848454662308e-01 1.200522185650844120e+00
6.720092070128067530e-01 8.177032447457555087e-01
7.959984578253318510e-01 1.158094919657734145e+00
8.572167921859032980e-01 1.050264774256676192e+00
9.136952897330404832e-01 1.338951791642961631e+00
2.446980808000281948e-01 9.995999063184123345e-01
8.407839674286154974e-03 3.857761073862875367e-01
5.419802906989303892e-01 1.310094044124235690e+00
1.069765629365102555e-01 5.026261472957598286e-01
3.556437310143606423e-01 1.110413067388272834e+00
3.437049627549060293e-02 9.745940645638794253e-01
6.531956965336515042e-01 1.607022584095632700e+00
5.077810713726677028e-01 9.521851782236047113e-01
5.487874608351613892e-01 1.491432884479586329e+00
8.173189052968810042e-01 1.659667869950351538e+00
5.655255214039939249e-01 9.001076922582521567e-01
4.644817438253397990e-01 6.505423068909474971e-01
4.007924980980277496e-01 1.140584268222668562e+00
1.514742443830082719e-01 7.361205324261428373e-01
6.392960467796706681e-01 1.414202032286469235e+00
7.198878407481456021e-01 1.303628361417019654e+00
8.271057351654789169e-01 9.804922859155612569e-01
5.420517973845710991e-01 9.918790905030027139e-01
2.166458713146290904e-02 4.635402595381128421e-01
3.140665607375514590e-02 6.003904491532265908e-01
6.153382818622822326e-01 6.465525611517851656e-01
4.581328030637031867e-01 8.518044689456683027e-01
4.828179069738681717e-01 1.197560040322771968e+00
5.556430913068275412e-01 9.411721191517847807e-01
6.688533813078731960e-01 8.053430059782609174e-01
6.643864776181760412e-01 1.128720125796471407e+00
8.748223731446661544e-01 1.365814556895848186e+00
9.593273002784689085e-01 1.127113146827487977e+00
5.773051173019635440e-01 6.501814300349416653e-01
8.309481510774545665e-01 9.041040252586156623e-01
4.705778630004522345e-01 1.163040194615994061e+00
5.446835151819023890e-01 1.348213961281465645e+00
4.031199842018572399e-01 6.262021996506351718e-01
5.590445465397327895e-01 1.497256469056984285e+00
1.014067473138421382e-01 3.979440910547626942e-01
2.002836351485846045e-01 9.208746981689119870e-01
8.337425318548230546e-01 8.481077466722599656e-01
1.466345848634462712e-01 8.271837921592780640e-01
4.484668090660489659e-01 1.223771481031068920e+00
8.471556463471684451e-01 1.317844100961044429e+00
4.100602755385562848e-01 1.348523244962413603e+00
8.989314359300909496e-01 1.878245863968036833e+00
3.347570987783187180e-01 9.553604393485308766e-01
8.933515585572701090e-01 1.275160944842410826e+00
1.320058086163997668e-01 4.914541457198975394e-01
3.763841882606232536e-01 1.096904735053805036e+00
9.383054006311719597e-02 6.224120993503993171e-01
7.395588182539047928e-01 1.574757118880200313e+00
5.286206380647867631e-01 8.380815495103614010e-01
8.244015270837294906e-01 1.551779560355828202e+00
5.322304588802220238e-01 1.330569552989868676e+00
5.026755001981334514e-01 6.391824253925054711e-01
6.919313422744162168e-01 1.579425805860225740e+00
8.755810190161921192e-01 1.139963253532942034e+00
6.134353707352661056e-01 1.408883154753320710e+00
9.369593104770633785e-01 1.680450133055488848e+00
2.221466019244107137e-01 4.345020086946244087e-01
1.692860854576456742e-01 9.610039010130694281e-01
5.770702915488312712e-01 1.487748559325179354e+00
2.363301919914742033e-01 7.897110543530914128e-01
3.637313077107088288e-01 1.056772254057907423e+00
7.243993279111933248e-01 9.599520567947648075e-01
3.276601033151093079e-01 1.059743213559650066e+00
6.307331645091938110e-01 1.431471377238071163e+00
8.199657773522270876e-01 1.666184489354733733e+00
5.187608665067753311e-01 6.614039320233252583e-01
7.451717462469088504e-01 1.053332410314465895e+00
2.747914621607832064e-01 1.040524704291374558e+00
5.364320565830887899e-01 1.196910600294390559e+00
8.268662014867486088e-01 1.349362544186672563e+00
1.265275473092261072e-01 4.084650036801792394e-01
4.698419319574476116e-01 8.657828214528388022e-01
2.333684184616670043e-01 1.129891654469575624e+00
2.303768494742925999e-01 1.029244385528414352e+00
7.677200878893544189e-01 1.240108564461798402e+00
5.552599575315806391e-01 9.058392451268387768e-01
5.775798424692825117e-01 1.500795681226614775e+00
9.102534874377196106e-01 1.089042458062499552e+00
1.749050034019375977e-01 9.921999355104439422e-01
8.730489442289259827e-01 1.330205629848465909e+00
6.710857669309180373e-01 1.265432636199309346e+00
9.323795044097460405e-01 1.180059419736977588e+00
1.587416872923238520e-01 3.233873591721160290e-01
8.482689908419460689e-02 6.161429917064261685e-01
4.383602352341480213e-01 1.185614464107257238e+00
5.717714067549409807e-01 8.296663138391103809e-01
9.499667728417957591e-01 1.372639463625135336e+00
5.584114105418080953e-02 6.182605675325699712e-01
4.178900298812836533e-01 4.462805236360093408e-01
7.126440756378382702e-02 3.678330448278489540e-01
6.892455806211401637e-01 1.007395942766547758e+00
3.625751413442824811e-01 4.457416251314059163e-01
5.207003943475502217e-01 8.843803420444306118e-01
5.048922137920974773e-02 9.318083662042669912e-01
9.745049367475054902e-01 1.712192692863216070e+00
1.732400751022089569e-01 9.089296880535285839e-01
7.762769896861055896e-01 1.228231096093757024e+00
4.461995905277091889e-01 7.289976412170620090e-01
5.203588724709273805e-01 1.133808850395374934e+00
1.129513948735473283e-01 1.039133743194764037e+00
4.041756831208593859e-01 6.318490827988202385e-01
5.072491082615193658e-01 1.216185007052693390e+00
1.673990339580402331e-01 9.180944547528678834e-01
3.213741130325288298e-01 1.062541108259124734e+00
6.299882372615652759e-01 1.302074542730000672e+00
9.354293955035385411e-01 1.368612528078921198e+00
4.597474133836982890e-01 1.365729651631461650e+00
1.690006949551250415e-01 7.630009389812492104e-01
