3.751161751394119781e-01 1.025128542820724853e+00
2.081399755775849014e-01 8.820321042997347760e-01
8.093100130764958600e-01 8.669337465992793534e-01
4.634092324888415826e-01 4.879034572473877063e-01
3.384097662436700293e-01 6.617118864186540828e-01
6.901051906147828152e-01 1.176444421377929039e+00
8.803308999899943643e-01 1.384307076825763261e+00
8.931447210912003554e-01 1.575054793037235834e+00
8.587331274026188677e-02 9.041385480033236055e-01
8.963581079855407197e-01 9.238798306203892530e-01
8.452649521591647508e-01 1.355958515004425102e+00
6.069495217088516359e-02 3.119862277761803471e-01
7.725609293580066872e-01 9.694478694113645156e-01
5.403218309833575095e-01 5.729523220424268537e-01
4.829917300881818587e-01 1.018244722168077043e+00
1.677450395956314733e-01 9.337228599336353518e-01
3.576035483960056105e-01 6.740969469432892547e-01
5.088821428438031758e-01 1.378845984726057239e+00
4.228896684360092806e-01 1.232146708725868844e+00
4.988798022294952395e-01 1.156431080083474505e+00
3.657561132221487377e-03 7.779431469782840392e-01
2.025894076491924212e-01 8.951287944782049255e-01
7.000962566086847971e-01 1.550433550112070957e+00
8.491825209454796353e-01 1.462247161028415121e+00
2.502226694217403180e-01 9.620850007984231844e-01
5.785871679113407939e-01 1.311810673713353470e+00
1.434912730127404501e-01 9.386399207105511344e-01
2.732887416340646913e-01 2.773890909102085800e-01
7.485321319785535055e-01 1.605682022535137143e+00
4.489015106403115851e-01 7.967040672516217947e-01
8.096548091167687922e-02 6.265681300066611170e-01
5.851084600716827122e-02 4.747223113673599837e-01
4.945743057691651678e-01 7.783977783164811592e-01
4.606025302990138792e-01 1.034764374388585706e+00
5.116049919411029823e-01 7.504028346849214159e-01
8.390284472106591673e-01 1.405617665777204373e+00
8.632259504065709077e-01 1.232461264496225617e+00
5.656252858433716835e-01 1.281405854453641968e+00
6.679231764080338918e-01 1.390830209531867423e+00
8.970836015942856845e-01 1.121208163266768310e+00
8.473176928889060155e-01 1.298713501091437461e+00
5.273049111981999992e-01 5.581740380952344704e-01
3.976674338535607367e-01 4.810720152305253405e-01
5.509777389965977434e-01 1.161969025721440563e+00
2.731712226032698698e-01 1.248241272567827131e+00
6.166910636899535225e-01 1.480419556941801051e+00
6.571247123619411434e-01 8.928000722727240657e-01
1.098674360429492403e-01 1.793995663591804179e-01
2.167336516809521552e-01 9.279968751655823800e-01
4.716498300329770021e-01 1.294212268962485979e+00
1.307558596166664699e-01 4.024275370219803083e-01
7.613039727181427629e-01 1.162135909548234647e+00
6.334504938010785402e-01 9.975511417073398279e-01
5.076297479724516393e-01 6.357540414624577307e-01
8.516658835658288407e-01 1.171073771867196633e+00
9.819802885052436592e-01 1.585405193448139904e+00
3.759544299898853748e-02 8.633308341615258952e-01
7.634486302755986165e-01 1.114579821222521083e+00
3.533181283240067749e-01 8.269983481324942876e-01
5.563318797760528067e-01 5.711433766438182014e-01
2.013027206196831287e-01 2.930520478011674479e-01
1.526273324182276792e-01 8.675757233618797137e-01
1.547226161760228980e-01 9.386249090456991739e-01
2.496835348677420852e-01 9.328753770917405097e-01
1.213920304922716520e-01 1.040135621499117757e+00
3.654390630570205634e-01 6.967191291340040227e-01
4.343522814909345220e-01 1.037100258684640286e+00
8.600354803237835188e-01 1.683037977032151744e+00
3.298630757743479247e-01 1.227667048482397050e+00
6.199342181099531945e-01 9.058142457490769850e-01
8.693229630675350927e-01 1.622003833804990469e+00
5.931137624115682128e-01 7.596659754371423157e-01
2.834402446879743520e-01 5.171280570353357087e-01
1.221803671255029533e-01 1.023720222895279086e+00
7.216682152329534361e-01 9.636585891355128330e-01
9.740010449611069543e-02 9.072944254122194963e-01
9.657025372849431522e-01 1.663241028374099484e+00
6.189928373837078057e-01 1.373179540529607223e+00
3.537096060089545135e-01 1.130015857184381245e+00
4.061801683028619658e-01 8.533927002607892831e-01
5.455455348610428468e-01 1.096004042625636998e+00
1.001102527819230925e-02 2.960562970979607744e-02
9.654283991402744514e-01 1.538674572149516084e+00
8.586038074067232628e-01 1.640110292161845784e+00
1.446188049658388985e-01 1.043092933233746411e+00
3.545975888837697987e-01 9.750176288294232219e-01
5.285834349194430404e-01 6.435299343556523111e-01
7.859959369110383065e-01 1.542304688121967970e+00
4.157875950625454786e-01 7.689634158405548314e-01
7.691397721381921793e-01 1.316211925344390909e+00
4.482196159257949564e-01 1.011006507823157596e+00
5.082220116429261303e-01 7.962784130733426835e-01
6.561066795664312057e-01 1.102826732185538061e+00
7.401331745820967090e-01 8.579985979304176613e-01
7.879392070648290058e-01 1.476229341106381376e+00
8.416511846625001070e-01 1.510070817745206018e+00
2.609410197528416742e-01 5.840307176488729324e-01
6.007998506007915518e-01 1.273725592374803206e+00
2.025583718833549041e-01 4.839042760118326125e-01
2.227843693533817504e-01 4.211734447404692494e-01
7.274563714243291734e-01 9.345295795658210558e-01
9.084604839922736375e-01 1.788696510757203706e+00
3.685777606101932058e-01 9.900883167006132579e-01
1.859718484754321333e-01 6.588341046249691635e-01
4.985768345820348335e-01 6.084316302289386469e-01
4.867721969129621407e-01 7.726012643461347418e-01
6.152496948749585082e-01 1.608398106270638284e+00
4.793774526153493643e-01 7.029403698065502804e-01
3.163966453674164070e-01 1.004020599748602027e+00
6.420360788475395486e-01 9.669733423886045509e-01
