9.471907019192316035e-03 1.982290761008770330e-01
6.526655429119913032e-01 1.612110519867167024e+00
7.329411955369277143e-01 1.124378570452068127e+00
2.960892631705799305e-01 1.060795972857502711e+00
6.548744295160374707e-01 1.481761363676341148e+00
6.250302531248947968e-01 1.101184539366060200e+00
3.846493539265011252e-01 1.200718603954356034e+00
8.230793088952356173e-01 1.773126765607128119e+00
5.838400301245179058e-01 8.858382238722516400e-01
2.679897897081888747e-01 1.088029811945022907e+00
4.094891118286874132e-01 7.190021893702546185e-01
5.169260029757387631e-01 1.405716998036700582e+00
3.128461305776844004e-01 5.834530980274577061e-01
2.496910233776552523e-01 7.087624306807299712e-01
1.460714540123454475e-01 7.703298000363629772e-01
6.244630941450813877e-01 9.246837464124078032e-01
4.643445685781699694e-02 6.061683450472538093e-01
6.176698638389739315e-01 1.553014287292053819e+00
7.129895305219897672e-01 1.016387215567990498e+00
7.830067878041410134e-01 1.607120220659291832e+00
8.246329820042586078e-01 1.341401322982931577e+00
6.685149428208845279e-01 1.347649951727812878e+00
7.527006110525733540e-01 1.539489317802873680e+00
4.193603924347720779e-01 1.187575450834587709e+00
7.220141545248672799e-01 1.671210303071764658e+00
5.210935714397402219e-02 4.226663766946565648e-01
7.454767953825378601e-01 1.744654756688179820e+00
3.278104200003061353e-01 7.866816578292417095e-01
2.530673587596016239e-01 6.085853500256012127e-01
2.597813432792839272e-02 5.701465243094744340e-01
5.038916849238116447e-01 5.731549453490485391e-01
9.828594552663484363e-01 1.351297823245622753e+00
3.610217115251619369e-01 9.981032678258120461e-01
5.769704640424473396e-01 6.176947858463429641e-01
2.662023795778056812e-02 4.970145007978360452e-01
3.219687629177967469e-01 7.812201721424752998e-01
6.839459313792699557e-01 1.560554326235498390e+00
3.759376885819336600e-01 1.083454080957306109e+00
8.493224114137921665e-01 1.313440923303412555e+00
4.260237746443087392e-01 1.387141631125388574e+00
1.736847637202972860e-01 3.427149179662446477e-01
3.067476531700996656e-02 1.812982871710111521e-01
4.659160050438322376e-01 7.666640216117605044e-01
7.894120496604599690e-01 1.420931363161536787e+00
6.509649174270523142e-01 7.985918054624706608e-01
2.102977092966974437e-01 3.895561941732187394e-01
7.391369975996695540e-01 1.493669643316571261e+00
7.197215749844445565e-01 9.715552475147493094e-01
6.295944956241337209e-01 1.293618694093302102e+00
1.961919913281013894e-01 4.413114212504762879e-01
2.453938314557749800e-01 1.138773035256047894e+00
9.882461511677004262e-01 1.961328802780718306e+00
1.816867753448908607e-01 4.792098315945981790e-01
5.481477629388356032e-01 1.076350701956083178e+00
1.098092192137323231e-02 7.780364612253409806e-02
4.861272137856811337e-01 8.136870484304309370e-01
5.993247135928007063e-01 1.423183999271843803e+00
4.067051274055054622e-01 8.954222874701376345e-01
1.841214588444315403e-01 4.440611232919209339e-01
3.166666814876573088e-01 1.076600555060556186e+00
8.027338364693825667e-03 3.038741571077280268e-01
3.164552956501963665e-01 6.039140486229022109e-01
7.058488876551127778e-02 5.886545436578655144e-01
9.925900680979409252e-01 1.676236631356400997e+00
5.117018504857819838e-01 1.122221347799374769e+00
9.757567128285044022e-01 9.959211361333278889e-01
2.640138931577808989e-01 9.080843896719592578e-01
2.741647189151337205e-01 1.269292060911052955e+00
2.603034527995261582e-01 5.860748886977462657e-01
7.469142460607702816e-04 2.294594117779513720e-02
9.963261161809099375e-01 1.050110727744438144e+00
7.546973558061591536e-01 1.261720825562905102e+00
7.710515080416812106e-01 1.444573121792399162e+00
7.210491257822765343e-01 1.379212356439343257e+00
9.736201789257306061e-01 1.897176570966634390e+00
9.299782389196526999e-01 1.919224268581689596e+00
3.246361111122417764e-01 6.405125079965175994e-01
7.044157803294259779e-04 4.399959668542336999e-01
6.365262966650190313e-01 1.029871082663812665e+00
3.972113364996447959e-01 8.783910681828676070e-01
5.898376778829830247e-01 6.661635845072634288e-01
2.255236421925534973e-01 9.269157828469283267e-01
