8.260466507650513490e-01 1.173985275401516537e+00
8.705039944651440376e-01 1.707274082056608577e+00
1.058824049070151707e-01 4.200146424268467182e-01
3.737274965258192694e-01 1.315911744550001927e+00
4.720810638426142791e-02 8.593533370575717756e-01
8.619655541409206867e-01 1.844645132978386393e+00
3.164602291998543926e-01 8.317456610625800772e-01
9.553611028952613271e-02 4.071228454392507023e-01
8.506209797548869300e-02 6.550988109068710541e-01
2.821368744138633700e-01 1.085826960819873843e+00
5.418941975547511003e-01 1.474645961080230716e+00
2.061858828694798085e-01 8.644736424468674185e-01
2.220046219542578525e-01 8.643664600513875085e-01
1.877148670026381749e-01 8.456808150931645063e-01
9.837297970775270572e-01 1.338707506767395028e+00
1.258090631882733401e-01 6.706579092754314519e-01
9.286109962463584555e-01 1.491695812362623164e+00
8.524693520590829188e-01 1.733095631528816849e+00
1.741117498255750906e-02 1.011376940808592195e+00
4.122913755442240147e-01 9.590085334914884019e-01
5.052858423458468362e-01 1.068825547703870171e+00
5.954721541832449505e-01 1.448370895723284146e+00
4.563470074959711242e-01 8.166852858955778727e-01
1.086848612213231480e-01 9.719549363002236708e-01
1.915389219666134846e-01 1.105986465467045043e+00
8.708363842685853395e-01 1.032850428329044057e+00
3.599802128289789627e-01 7.569591805901259018e-01
8.766622256911248412e-01 1.379001697948092797e+00
5.527567069648460230e-01 1.320757193833417276e+00
3.057110720174658347e-01 1.054151626968904187e+00
3.382016469492474808e-01 6.143282979239887975e-01
1.580071768824903300e-01 3.093537776242036852e-01
4.652303233160193230e-02 1.018179945939469366e+00
3.294814152344054392e-01 1.092326156363273570e+00
8.845648904005961599e-01 1.361032839616962198e+00
8.804464810257552898e-01 1.212006466660851212e+00
8.076722569044796352e-01 1.650222077079810612e+00
1.408051024347045654e-03 9.195992361175076013e-03
2.411552517284381025e-01 2.905230893136221404e-01
5.486779374492819494e-01 1.259174563549632087e+00
7.363168615222375202e-01 7.706190436507193153e-01
2.616444135602176146e-01 1.118281704762286166e+00
1.096122520300918390e-01 7.783125411654504555e-01
3.938221359495833740e-01 1.368564363110110982e+00
1.650838965144079129e-01 5.305670403024151938e-01
6.364190174862780491e-01 1.025713258559470820e+00
8.085238131418387431e-01 1.144197471758900742e+00
6.898473510062511638e-01 1.422877453611746557e+00
5.974421254163564399e-02 1.032709968267879752e+00
5.902458587229464371e-01 1.244482124914208621e+00
4.357178113347415227e-01 5.229313811008076129e-01
8.265028277211127206e-01 9.399622144347152819e-01
1.046036718557163958e-01 8.706411698267700894e-01
5.890461447185906252e-01 1.486584222936951694e+00
6.277280911873400759e-01 9.729707752268279553e-01
2.059749172804330453e-01 7.380078414400361719e-01
5.377486887188608344e-01 9.771342302628096554e-01
2.897789759560027711e-01 5.928539479574279625e-01
1.923085643133982670e-01 5.721257624692608346e-01
3.660027686657426615e-01 9.001083486342148499e-01
8.937093989629041335e-02 4.127772497516475347e-01
8.954002208107126881e-01 1.097617895992174297e+00
4.078774708558414730e-01 1.399284109916289820e+00
8.042832078504936755e-01 1.571845600145543198e+00
9.940077902192356873e-01 1.297765772520642402e+00
7.163145150669483208e-01 1.190191404080585436e+00
2.125044593461048459e-01 9.588137855124301279e-01
5.258909973874705823e-01 5.983338528191827210e-01
4.251398644423283191e-01 9.217536202894833774e-01
4.865787576216430432e-01 8.879249710638916770e-01
5.925818321920788279e-01 6.627737508670275002e-01
9.453554088988587178e-01 1.291725454022824682e+00
5.113151037956713552e-01 7.460845503543224178e-01
5.679433605091666060e-01 9.608874478976306976e-01
6.493910571261388709e-01 1.354350272246784170e+00
2.152141888474077280e-01 4.071828194994061567e-01
2.679338974192866374e-01 1.023071273447183405e+00
1.298153691529351228e-01 7.604281155196445097e-01
9.122060174031924040e-01 1.539788801762440595e+00
6.084358248915751055e-01 7.168488027154130693e-01
9.551918224638004107e-01 1.087563305712869299e+00
2.928575335169227856e-01 7.397844128474098113e-01
3.487066126385715004e-01 4.330341335015408522e-01
4.159405860630749352e-02 2.698276611086908305e-01
6.294443281635418996e-01 9.449037903800912019e-01
4.768688117187187547e-01 1.138511649329908337e+00
5.874842303580202207e-01 6.732298450152742753e-01
1.192627320770588417e-01 1.054453680489781942e+00
1.686991970476989788e-01 4.181640863673539155e-01
3.772603542258341491e-01 5.538955547373498600e-01
2.024992018680580319e-01 2.946234381728694007e-01
3.447384230069278077e-01 6.872071982703470416e-01
4.445128937431986893e-01 1.285701052926288224e+00
2.025889750637431819e-01 4.117772978097993253e-01
2.233847166893293545e-01 1.028301024991473467e+00
8.794637146903624414e-01 1.868175071744658577e+00
3.066511822228257245e-01 3.656786475512439072e-01
9.552887712499202877e-02 2.687013937701189237e-01
9.893627586837716592e-01 1.343333726198821187e+00
5.748178433979839186e-01 8.438629179350349840e-01
4.101080595201002099e-01 1.236614522103169911e+00
7.057957265689305260e-01 1.344700498914658926e+00
3.905977492655110517e-01 1.125901071988770319e+00
4.991997037368556267e-01 1.109875077553629685e+00
6.743578290019780486e-02 1.723769659474990723e-01
6.167817279417300291e-01 1.526428638774765201e+00
1.107130082223534151e-01 1.012051016235182566e+00
6.208056105264825320e-01 1.402344151719271625e+00
2.377048848482343768e-02 6.578996389380600274e-01
9.795365258000369169e-01 1.881090912788781155e+00
4.669680829669912159e-01 5.684778989438686869e-01
4.536338674672169002e-01 1.148907297815747963e+00
7.439657347806084564e-01 9.840267102141961875e-01
8.722929861919588301e-01 1.608028213261380568e+00
7.482458589857887699e-02 6.232259126598055365e-01
