9.468319542122806132e-01 1.169435282200671500e+00
9.700349961724374914e-02 9.137665530942149505e-01
2.185798920715706917e-01 9.934090466162629474e-01
3.555444103523829336e-01 5.483545175715682785e-01
9.637607662539902087e-01 1.274817823425560270e+00
6.679837458520712090e-01 1.643800157523816807e+00
9.158780546402768286e-01 1.908179364343695283e+00
1.945867737997118985e-01 5.952036207169846271e-01
9.040005871994568620e-01 1.413552126845947665e+00
7.554656603940886894e-01 1.625430430918595626e+00
4.170727576170006889e-01 9.625080604038063203e-01
5.202920384920275421e-01 1.010307458905784994e+00
6.892647501227561202e-01 8.812392232000492154e-01
4.468815509694513688e-01 1.060289942145363984e+00
8.386083676128043285e-01 1.222121818997351728e+00
4.122101395984330008e-01 1.331830075052066853e+00
1.479279323708281302e-01 1.140968783868197889e+00
5.109702209519675353e-01 5.586230822878193170e-01
6.182387576511588767e-01 1.075697845322299173e+00
3.648069403889053763e-02 4.182264043706342971e-01
3.240819683502832449e-01 9.589199282632294707e-01
7.334902820639499499e-01 8.462170580170985668e-01
5.676014241069330390e-01 1.564063455471583319e+00
4.323632792405980307e-01 1.045234306353645115e+00
5.629174559371198372e-01 1.197274260648427902e+00
5.969017636747748767e-01 1.119287844604521576e+00
9.642385782411535544e-01 1.206997141660355766e+00
4.404356118111871776e-01 7.774594567374183418e-01
9.004073067808313624e-01 1.099894077313289475e+00
3.928978927440330837e-01 7.773476615300592973e-01
1.363555744567823691e-01 2.262231893564708995e-01
5.318417439567931781e-01 9.667727841352635743e-01
8.726178345619165500e-01 1.593828708900719704e+00
7.089390442975157525e-01 1.610242241309321809e+00
7.863443438207059488e-01 1.426557240085277956e+00
6.260303359199784756e-01 8.371772371600475493e-01
4.002674894812793260e-01 1.134118682525399269e+00
7.699794595961391153e-01 1.117791854103796556e+00
7.113599035425784978e-01 1.148223868589042684e+00
6.221854200074440344e-01 7.643491129385736604e-01
1.449588961128350784e-01 5.890425554631630867e-01
4.300749416737880138e-01 1.238212505164074440e+00
1.492734244806139809e-01 5.673127534452997445e-01
6.597340156175908188e-01 1.402889564212357998e+00
3.769503915637243407e-01 1.020531150029295286e+00
4.720881342990344010e-01 9.893926360195602898e-01
1.986334504180697902e-02 8.598756775689517795e-01
3.566825670933079229e-01 4.275121271870676587e-01
4.783170893561620174e-01 7.825142381425396199e-01
6.320060531392669434e-01 6.774828926935551054e-01
1.195794392799771622e-01 1.114394707392902140e+00
1.755383146257268878e-01 1.055509627019822094e+00
7.650831434526050856e-01 1.552676807296296202e+00
2.046890164934541678e-01 6.273765411747613818e-01
5.996610426852784226e-01 1.242688818026004727e+00
6.137982291044776773e-01 1.040257535002987677e+00
4.724846967004663334e-01 1.378073292530181515e+00
9.737290917416878688e-01 1.126155044793347937e+00
4.604595342651626177e-01 1.247500619785005149e+00
7.361092284533313768e-01 1.680266460730179379e+00
5.480581500612129453e-01 1.515940962004852732e+00
8.902969987250286543e-01 1.325170380550972693e+00
9.712468613785411042e-01 1.365488932339476769e+00
8.481822722445353513e-03 9.017329055752655309e-01
8.067965689713685329e-02 8.972565996805692556e-01
9.992787879817905949e-01 1.967903361495692671e+00
5.560540399014713975e-01 8.942601387142876668e-01
5.679045465458631980e-01 1.440287246087043282e+00
1.376931077034280193e-01 7.087450968332693613e-01
1.965157453116823660e-01 5.461985464418760428e-01
3.908914217688763681e-02 9.029992004881094436e-01
1.760673334830766823e-01 6.204383953536241059e-01
8.269886383547523367e-01 1.503886937629205001e+00
1.089432824393402610e-01 1.855698091426197793e-01
9.448938360881823373e-01 1.573338816175499977e+00
3.543469762280935242e-01 8.885935365287856991e-01
9.173129744043062583e-02 8.828291141902312456e-01
3.989901486602469571e-01 4.540609197570620870e-01
3.339345209809948534e-01 9.232630113967408292e-01
3.731357903422234390e-01 6.455227534726607486e-01
2.665505238258352172e-01 1.249669207760257805e+00
6.193535708763020509e-02 3.362606074335380280e-01
8.842931472041124508e-01 1.603214871591548629e+00
2.822374340221750488e-01 1.004580080785463903e+00
6.371430769621222456e-02 4.634385435465990799e-01
5.867193832323193137e-01 1.365232703596932495e+00
6.788731524726809852e-03 8.355579782201704164e-01
5.055578182938591514e-02 4.159327991080564724e-01
3.785056458133324586e-01 1.310403854995919826e+00
1.835513573028956236e-01 6.321680919919223651e-01
7.971669520015565169e-01 1.026204095564301255e+00
8.294623727454009110e-01 1.804742509599794875e+00
7.830591528281857228e-01 1.249547754402684951e+00
7.810336250113036893e-02 7.199834017044167700e-01
2.843530916309355838e-02 4.901195025459988974e-01
1.108361785157950807e-01 2.438670519506708212e-01
8.746520113677753727e-01 1.286130229453097629e+00
