8.629315354504574209e-02 2.600067882056503743e-01
8.152371433530503086e-02 2.926875682994390937e-01
4.865503981961902813e-01 6.510621339535829222e-01
8.333654192960879836e-01 9.193248086466412339e-01
1.476714338647237001e-01 1.008103111719646616e+00
5.906982212478292249e-01 8.879060715054803987e-01
2.349116021665331733e-02 9.411194855032356532e-02
3.148099348697646072e-01 1.145656712269845112e+00
7.164612448080147633e-01 1.632387014848457163e+00
4.636062784857964969e-01 7.745252463457360514e-01
4.575554065572339235e-01 9.296280364655781225e-01
4.784358053210671091e-01 9.688545007841192769e-01
1.198059915598685965e-01 4.718302513585834745e-01
6.054027503594811011e-01 1.007009207030933329e+00
8.972182569658238016e-02 1.042536303031665224e+00
8.217679588975818072e-01 1.282833783886289991e+00
5.385894167155447221e-02 1.696023361294693999e-01
2.321771234301518438e-01 4.423802390972997323e-01
1.619996102918302983e-01 8.800836344716906900e-01
5.510208732419878963e-01 7.775817779056065637e-01
9.727082904409383168e-01 1.028689988890387097e+00
2.604006386111812343e-02 6.124790223995196792e-01
9.001785426278186009e-02 2.087199074574491720e-01
4.242089596426629194e-01 7.671727369050035383e-01
1.875542330831592164e-01 6.100126047106113614e-01
2.048837663633285011e-03 5.860189166042268916e-01
6.254220287324968597e-01 6.437749765422912107e-01
9.038607921710830606e-01 1.722231021896554193e+00
8.798775880523603821e-01 1.199617920050436659e+00
7.443474582985846189e-01 1.092259385839356334e+00
7.511601120951767463e-01 8.057600133396313202e-01
6.366677560538992475e-01 1.592022617150008479e+00
5.954212647407957082e-01 1.241094565733559252e+00
7.944351591670907320e-01 1.284851903193683142e+00
8.220783836133955802e-01 1.120988131207746763e+00
8.519922024784725156e-01 1.088886002108976792e+00
9.962435125218387366e-01 1.531434883781000789e+00
7.372270278014404488e-01 1.137710939200116789e+00
3.907095904769553041e-01 5.204448182518967014e-01
7.823081150262636285e-01 9.417358736309755507e-01
7.795331218007698348e-01 1.431585779377852141e+00
4.117050498461590768e-01 1.125185886125259715e+00
2.150834223687515534e-01 7.133092819286405151e-01
5.009605800018088750e-01 1.226832729790012344e+00
4.691564155823236826e-01 7.051450125808533809e-01
3.545163464495050265e-01 3.707139277844802017e-01
2.760001187620252372e-01 9.784058995376377910e-01
5.977611584048445614e-01 7.196570285909439368e-01
2.319139311013649341e-01 8.831212177491711834e-01
8.298446476529255378e-01 1.448523391716697084e+00
6.673837786243959069e-01 8.646722046890223945e-01
5.469614684615886624e-02 2.348782510699680692e-01
3.039612580687404142e-01 1.169732629044080152e+00
2.283645817542233614e-01 4.750340003318230808e-01
4.809313818787595007e-01 1.343369714823502648e+00
7.163348836132595876e-01 9.344194078249332680e-01
8.050631344434268089e-01 8.130735519074825390e-01
2.723342150271240714e-01 1.109927789874281867e+00
5.549249702670357998e-01 5.826585789263509785e-01
1.731253793580069811e-01 5.476626058844346057e-01
9.358372096755325220e-01 1.548228382580014717e+00
6.845753166736134876e-01 1.649332522969918280e+00
2.232481076053693947e-02 3.537000924354604114e-01
1.113782860673887543e-01 7.026685872831339719e-01
2.522003088859722242e-01 1.188843862945545782e+00
7.852206954418344820e-01 1.503127248410070171e+00
9.076722102094980649e-03 1.768720644533013919e-01
9.045998187235683163e-01 1.625986582649773249e+00
9.079395187175964832e-02 6.961243595733099809e-01
1.349966270360762888e-01 7.752617864991472318e-01
8.048081275902775333e-01 1.699542755548588691e+00
3.182128859133180887e-01 4.173473904552931213e-01
2.874339900009537097e-01 9.468893244359259942e-01
8.305107949616252760e-02 2.708181247044262330e-01
3.951481116224363488e-01 7.257483254444938581e-01
2.387438128603894816e-01 2.644205177441847354e-01
8.225885581958058967e-01 8.660154047976005298e-01
9.537114179855024076e-01 1.277174077512168715e+00
8.333504227331479663e-01 1.558691123234871689e+00
1.822638132009168910e-01 2.087313150290895924e-01
7.448933689157665183e-01 1.149072104885574097e+00
2.396806163676790113e-02 7.461408041517723078e-01
1.399363208364636790e-01 6.112349937663283939e-01
8.527125338764511842e-01 1.615566921893044849e+00
6.036393527811080295e-01 9.228437095417115765e-01
8.567665577766983009e-01 1.499996841408773651e+00
