5.734506321053661759e-01 1.504970053433017263e+00
6.044681905891273743e-01 1.008947441542636048e+00
5.601160569023931890e-01 9.503172833154329702e-01
2.316613378699591275e-01 5.833717290220663543e-01
1.693394697016749051e-01 1.148951369690970559e+00
4.530522341491574068e-01 4.945209834406029126e-01
1.991093483765149497e-02 5.684169799352867258e-02
5.107660459728247115e-01 5.156472719643249158e-01
9.187265438699221409e-01 1.631020910949161795e+00
2.317073077507911805e-01 4.152702094738937033e-01
8.718400112768954768e-01 9.631106671385728513e-01
4.238445989924377599e-01 8.945824600474073796e-01
6.350880848753669428e-01 1.326894989112029632e+00
3.648005226057847716e-01 1.088971995096690515e+00
4.954565598356961420e-01 1.137241969147681164e+00
1.193612275320988791e-01 6.066038117266685514e-01
6.910442690706117830e-01 9.066015037909602725e-01
3.901591327430529166e-01 6.934729437866580248e-01
3.423840006671539093e-01 7.501197133066912492e-01
9.387610833268756894e-01 1.247804163139105693e+00
6.496937989205614494e-01 1.095182125417077490e+00
7.302209557107838256e-01 1.113315553079504916e+00
4.987888632735749672e-01 1.068433129978977991e+00
5.051665835446517150e-01 1.343316371861790648e+00
3.825966738496610065e-01 1.341318359574863894e+00
4.133466484378248706e-01 1.092496307256774601e+00
2.223784003096419548e-01 2.867737651621515838e-01
8.912791040120930930e-01 1.872078321584674798e+00
3.205050808218551373e-01 1.041877096901357547e+00
1.755551753261894721e-01 6.930669326339753411e-01
4.575463067805558559e-01 8.885334680615439851e-01
2.732294645713929659e-01 7.739294393240483405e-01
5.589668601961731431e-01 7.700725992933687980e-01
2.399430817522890669e-01 7.507912112091058576e-01
1.433734054901208976e-01 4.519640197730762088e-01
5.053310023578806431e-01 6.239111218739552545e-01
2.382337709795290248e-02 6.826362550485309821e-01
2.660189761176223744e-02 3.766860656545629737e-01
7.652939115804938686e-01 1.412949276849660318e+00
4.095862202775937266e-01 1.074479318794846261e+00
9.623671185672277861e-02 1.675866474508589388e-01
6.891133199130767828e-01 1.555130461797230357e+00
6.145500313674446824e-01 1.353516451135732268e+00
9.291882497617270920e-01 1.647530615666503717e+00
8.174100924651702682e-01 1.398199108542457880e+00
1.141142300723430036e-02 1.001418720929736494e+00
1.794813030896973416e-01 1.012861735304077637e+00
3.379264832706577737e-01 8.903576967571906753e-01
5.021322768002894898e-01 1.182030776995586896e+00
9.458181871340723967e-01 1.079923997831174098e+00
6.804656618278275282e-01 1.187297164161571938e+00
1.339155523006967385e-01 2.291166488864047057e-01
2.392093483756340122e-01 5.757585533050817439e-01
7.307709150925389974e-02 5.486680837337856165e-01
1.182047890788961997e-01 1.241268600566297620e-01
8.903678715537114430e-01 1.812492156611646532e+00
7.262424550063639739e-02 8.800726237691006704e-01
9.563826968020822106e-01 1.550993047177968487e+00
6.029078614127579838e-01 1.040920268862077780e+00
5.307507611682926729e-01 9.318006739749041811e-01
3.890419425422463329e-01 1.374946657012395601e+00
9.988762016861059134e-01 1.465066420826376170e+00
2.164951202841580713e-01 3.436218358317352228e-01
8.943820558555677369e-01 1.583186260232487985e+00
3.214149453542551882e-01 7.862714334495490842e-01
4.798421575459507205e-01 1.371957523756333952e+00
8.160901813160652551e-01 1.427437445556023921e+00
2.425395959467382401e-01 5.355956037874352038e-01
8.417758435994808774e-01 1.038738025384388308e+00
9.101078288631249125e-01 1.088597004804833901e+00
7.814125664987779940e-01 1.616179649009855446e+00
2.352216127739870100e-02 2.790558760355823509e-01
7.736322255082869193e-01 1.092937358295434702e+00
7.219740772958992414e-01 1.691626090119316306e+00
6.456902364010511652e-01 8.981789618437535649e-01
7.076215975488956422e-01 1.227536971653624187e+00
3.184079689738203989e-01 8.040914088650752412e-01
7.500624686745180902e-01 1.337831353778689225e+00
4.357412509347193819e-01 8.945660265771521180e-01
8.189136719294418665e-01 1.301335250617344119e+00
8.135069083719232985e-01 1.569455244121140680e+00
3.208098574928086588e-01 3.982074583937346146e-01
7.857417367196294355e-01 1.223845889568459633e+00
2.866212775020843262e-01 7.405545777849870115e-01
1.181899353484175963e-01 4.286156249693151565e-01
4.578389268575200344e-01 1.062830992903110339e+00
