6.183406371988166006e-01 1.148737362648788007e+00
6.662144789456047045e-01 1.245396498539742769e+00
8.308503808063968377e-01 1.621532812246231359e+00
3.945807504501279706e-01 8.886357113832593635e-01
1.525363681439867447e-01 4.342393484128977965e-01
6.119860405256317692e-01 9.059904321780064551e-01
1.775632099631312411e-01 8.702155306632399778e-01
8.982790432021059424e-02 1.456273715059523965e-01
9.117149534851687331e-02 2.946879680369682841e-01
7.045257725228090129e-01 1.473008146355095249e+00
5.190203564723948615e-01 1.422390447731805008e+00
6.840308983710589041e-01 1.015465582279348133e+00
8.473551204179059493e-01 1.493317116238033204e+00
9.424628931682883515e-01 1.193775194752933810e+00
6.714944399504938488e-01 1.495950991609804159e+00
6.860853366214082483e-01 9.929434792449099989e-01
3.673810183423860121e-01 1.275276727005353328e+00
2.049062629661567714e-01 2.055059271739843041e-01
2.185617032010067629e-01 4.910682804244255184e-01
4.645067676727943073e-01 7.618564729628085619e-01
1.591106711435870125e-01 4.701419717661298181e-01
9.976107846156501147e-01 1.795906922555326801e+00
6.334997580183174826e-01 7.055583672836113207e-01
5.031186601504678002e-02 6.591138277034435111e-01
2.568793079990325801e-01 1.217386071899255073e+00
3.604073514288003155e-01 3.691461495601606746e-01
8.711547753218110701e-01 1.331316466022032685e+00
4.497804890757839402e-01 9.026116847336858040e-01
5.507976952192941145e-01 6.318231525090189926e-01
5.326700704760334304e-02 7.948945377550502567e-01
7.178084400438679014e-01 7.513757251493369260e-01
5.499002920289044472e-01 1.543315745921105764e+00
1.473101936295823089e-01 2.744049660622575049e-01
3.333620950753305445e-01 5.751250144902905204e-01
4.757702448166679643e-01 1.439369597325433681e+00
3.684711755635428077e-02 8.500918571963506087e-01
9.234175051514289523e-01 1.818850326200776468e+00
7.705503166670658599e-01 8.723332642815704308e-01
4.802858315300033709e-01 5.704557271321623046e-01
7.550963542837537679e-01 1.664626901645728463e+00
5.219010592401885917e-01 1.184043514698708943e+00
3.913227337845865961e-01 1.268879194502595675e+00
6.210745339114591701e-01 1.434090940437286577e+00
9.537454948822886580e-01 1.178538718799719609e+00
4.169091730412869401e-01 1.289695845922357753e+00
5.098139532716107203e-01 1.047126044142839607e+00
7.329946227023420580e-02 1.278554506101792221e-01
9.107426952123265362e-01 1.259165241063816110e+00
3.676550393747290979e-01 1.055775694500773687e+00
2.386669617817105404e-02 4.458219124285367485e-01
7.177874296248368813e-01 1.027350774099214714e+00
2.315395962822803799e-01 1.214194506364399295e+00
9.743268666376968534e-01 1.945590901874949097e+00
3.348081523696320172e-01 8.983583074970615812e-01
7.184124059803682627e-01 1.171463585320729361e+00
4.892500807545820951e-01 1.224595089851340468e+00
7.084735572254075020e-01 7.465550154481371825e-01
8.984713731624701660e-01 1.024058331432439406e+00
4.655635851781960710e-01 9.993044771382522118e-01
2.282128355350282467e-01 5.319427109634765616e-01
4.898879954922849000e-01 9.052447708420975347e-01
7.264775935982398236e-01 1.171316653429320898e+00
2.613732882557915360e-01 6.993124957161165334e-01
9.635575384398201715e-01 1.723158657620869061e+00
2.929556833417245043e-01 9.836547203018622954e-01
9.641764257061561372e-01 1.923719413674595202e+00
6.254712082929942962e-01 1.563637274450084602e+00
6.770320369711476660e-01 1.561708306360193754e+00
4.971244842004163278e-01 1.153674424212143279e+00
4.121740260621112872e-01 5.593080802020684583e-01
5.474879994037276099e-01 1.017764411575829975e+00
2.887763762560846548e-01 1.020030239346866319e+00
1.110080534477642100e-01 7.984545111306589060e-01
4.848397930236191256e-01 8.121103374550975307e-01
7.220572195371693924e-01 7.728977790140880710e-01
3.584816534526613641e-01 1.236570637305100195e+00
6.193160650317800497e-01 1.470527253956390501e+00
4.468747148740229713e-01 7.910918690040575907e-01
5.716577999469089066e-01 8.587522297622499634e-01
8.906365540665828195e-02 2.602929031877179167e-01
7.111212064308527481e-01 9.721414777280539266e-01
6.164881691687014165e-01 7.047520287372398551e-01
1.711614353875141603e-01 7.629018475519516729e-01
3.169962370196989232e-01 3.270319915984627457e-01
2.172809835074759333e-01 9.442479824041070113e-01
5.205345500190631247e-01 1.506244745958023046e+00
6.722967061056351890e-01 1.108063996742725044e+00
5.770887344991193491e-02 5.364651128887697462e-01
6.481330764475493611e-01 7.162811775891660959e-01
6.566217422004974047e-01 7.431885877119975836e-01
6.706036507394523838e-01 7.366943668855713279e-01
8.375292702626524477e-02 5.517610431879823585e-01
4.219326930016999988e-01 7.277939963314125071e-01
4.722893424486391822e-01 5.230341011058361467e-01
6.746620056358481055e-01 1.602196028746440071e+00
2.373399072454037695e-01 8.254828343521519729e-01
5.999301499031294282e-01 1.165031810779962429e+00
9.695518435817476188e-01 1.853613129324488185e+00
7.253732510479949935e-01 1.653250551885913744e+00
2.289001638620283829e-01 1.175911330156778956e+00
6.442823341329402265e-01 1.176357488387882455e+00
5.691443674229254013e-01 7.297060417042946501e-01
4.739751202250210849e-01 1.438731729861319142e+00
3.599874695381732881e-02 6.071201823551058974e-01
