1.671018122328187250e-01 1.021986668116546593e+00
5.168461127576895464e-02 1.041743689249049254e+00
5.557304665773959984e-01 1.126191457787625083e+00
3.894632976945011649e-01 1.268902443396275448e+00
5.886489390055696935e-01 7.624746162989831655e-01
4.395556809559630906e-02 5.507392999198690298e-02
2.544743686262925797e-01 1.190774547969740915e+00
6.665161770218288595e-01 1.442783003338656389e+00
9.729167585460661849e-01 1.245334435193946376e+00
9.140805694625285804e-01 1.062776428460262323e+00
6.429847497994012340e-01 1.028815769601967300e+00
2.199794823530956123e-01 7.401677539014606122e-01
4.552518991712820595e-01 1.175817915514028922e+00
4.851859804699885093e-01 1.291141579034023268e+00
7.677322939398467661e-01 1.177615624164815911e+00
2.055883932301474371e-01 3.553202136665774002e-01
8.948041239643977907e-01 9.568696825112685822e-01
2.223699974228464660e-01 4.169208653005778142e-01
3.363245482437978717e-01 6.761059753938338801e-01
3.388848962450826674e-01 1.065162706049450403e+00
1.291301571713788787e-01 4.347702685057174277e-01
2.116709326526875490e-01 3.032069329105867572e-01
7.174211751546371030e-01 1.263979768774844192e+00
7.984727811177630974e-01 1.317173365048271538e+00
3.425366536631839764e-01 4.190033272005500020e-01
4.881402960252670953e-01 1.316286322834096190e+00
2.937757381030116077e-01 1.195410503576735284e+00
6.976788164128661096e-01 9.050303280502972614e-01
9.890358619877307467e-01 1.055903095474493014e+00
2.822158093908035958e-01 9.821850912382077414e-01
8.102006416427823821e-01 1.454635900671221060e+00
1.580279038768738209e-01 2.362373660776148077e-01
9.122112327094480388e-01 1.508935600474038630e+00
9.178068677919523077e-01 1.801079041899295907e+00
1.556552627023721769e-02 5.722411357349654892e-01
1.194584134187457458e-01 4.859989648676357188e-01
6.528347566062508989e-02 2.624423797448107720e-01
2.478058697720562087e-01 1.009947573218751504e+00
4.934078517453551749e-01 8.035741978952891662e-01
2.652266233997356837e-01 2.862453707955456839e-01
9.718845001185428822e-01 1.272065054535983286e+00
9.416757972880435146e-01 1.329550764475166291e+00
2.315433645913608229e-01 4.245006834945821428e-01
3.518678678009884431e-01 7.109323767676457573e-01
4.855848469545878121e-01 1.130270304793077329e+00
9.739150955418923727e-01 1.827898210230823661e+00
9.824757194332084387e-01 1.198243284486332438e+00
5.898999639787007032e-01 9.425904848746330389e-01
5.470443255425556650e-01 8.422917762473909331e-01
8.464912028521149878e-01 1.814614645238264767e+00
5.484623674547851602e-01 1.344317690485473449e+00
7.333864992799877802e-01 1.200965561288769745e+00
1.680548700754600500e-01 9.540289931315459881e-01
2.128765404737980038e-01 3.669559203418104598e-01
5.528733908235742289e-01 8.289004003440416657e-01
7.385642498148051738e-01 1.664722679633962699e+00
4.444116734118985779e-02 4.706604516128723992e-01
7.895106195807518601e-01 1.235268584265414971e+00
8.880211204232574262e-01 1.815722713134100497e+00
5.489108825626229926e-01 9.366105214534374834e-01
2.722533833622060584e-01 2.878784144340178486e-01
1.477459500678371951e-01 3.475584393260219285e-01
1.253091257609156850e-01 3.918968574927075288e-01
7.551017722691751866e-01 1.257234008086999033e+00
9.818114222121339107e-01 1.023180328918678494e+00
3.998559155502413587e-01 8.736506505547846357e-01
3.096467075982364259e-01 9.784889752554734033e-01
3.362670495686055361e-01 1.189387887178139591e+00
4.226229622586135104e-01 4.478656992793120795e-01
7.727812929948033593e-01 1.633578502980970182e+00
8.917255333466822531e-02 3.787813839897329338e-01
1.914267567599741149e-01 7.855825996336855965e-01
5.543160276253563667e-01 9.954437273026277566e-01
6.011598832373977741e-01 6.403755742479727564e-01
2.505869728540240926e-01 3.205935410153419873e-01
5.099343076026416899e-01 9.934339433207395320e-01
5.129855119920787576e-01 7.099710051067420480e-01
3.090538416315261605e-01 9.644039230370723415e-01
4.390313520408978265e-01 6.871616691462122395e-01
3.447665155724188857e-02 1.799149570401892273e-01
6.729965131671181711e-01 1.462318919419039132e+00
4.284667129359087667e-02 9.414186904333295969e-01
2.514995168396061409e-01 5.591726653323466634e-01
8.591245898477231080e-01 8.638447842004287613e-01
7.035050739229489203e-01 9.960112713459242650e-01
4.054660000097953798e-01 1.128710848512567200e+00
6.231130938730820024e-01 1.399498018803396970e+00
1.709795449109640098e-01 8.114323807096461838e-01
6.798623237505094785e-01 7.918069668163053576e-01
9.921530058958961673e-01 1.749651380423716596e+00
9.854758576225041145e-01 1.907024753275604168e+00
7.435172211745258997e-01 1.330784706526480399e+00
1.092352961030694791e-01 6.872334602134908543e-01
9.156551616002072125e-01 1.765881651032718436e+00
2.501418321018499258e-01 6.002852210780628139e-01
5.000498782026384648e-01 5.544959609093156327e-01
4.213345278979844233e-01 5.357983766227834010e-01
2.168264366223122686e-01 7.820464301153969844e-01
7.324139357558658858e-01 9.823287803274761698e-01
4.174525525275774029e-01 9.879511076335680819e-01
5.080109429076453686e-01 1.150735937292710176e+00
3.317582291515719373e-02 6.513316974051990282e-01
9.409252869642066308e-01 1.510005273127902559e+00
