8.304858495458355971e-01 1.644028077967081503e+00
6.745245136128896757e-01 1.352069317454633657e+00
1.877704343099928508e-01 6.644781239923407412e-01
4.082697492322318045e-02 1.454762203643308327e-01
6.200500036395697467e-01 1.475203564991537153e+00
5.357180388756943579e-01 1.106994699017670669e+00
9.239645782074766833e-01 9.821595145823114326e-01
7.397540691190288564e-01 1.067091536081065772e+00
9.744089191647559156e-01 1.839865086833206043e+00
9.082463873010929722e-01 1.828199374307735381e+00
8.255050889021908755e-01 1.671927964311562986e+00
1.275682243523912351e-02 4.896004585055543368e-01
5.802455804637494108e-01 5.962256953539131210e-01
2.430860326345206657e-01 9.693908675112966611e-01
3.128850949704612416e-01 1.140980784325837050e+00
9.640037502847580431e-01 1.409353662855085343e+00
8.004829444769849811e-01 1.677067644306899252e+00
8.611301929871011396e-01 1.532444530052702092e+00
8.710993554981457665e-01 1.671451060887266582e+00
9.689653477141219051e-01 1.314822369555540993e+00
2.013951369420550197e-01 6.422249871282375011e-01
3.689559949982396114e-01 9.907616099940123044e-01
6.990051992581749474e-01 1.530182443570124118e+00
6.103664985567918144e-01 6.438430241243700003e-01
9.764115357250572336e-01 1.575522175262156654e+00
6.372525720534976124e-01 7.056862493763742528e-01
6.659930254037532693e-01 8.427839757236376128e-01
2.061281941200032719e-02 4.432990877624393145e-01
2.657328515422294757e-01 7.959619424610374638e-01
7.527935207291921449e-01 1.714288855319583416e+00
7.146984016385191651e-01 1.472419556711694444e+00
2.884925307581894804e-01 8.000479743835033908e-01
1.326681454679855543e-01 3.294526207177803645e-01
7.636404916079382321e-01 1.430825106585656092e+00
3.432152045923746453e-01 9.197553430000624530e-01
7.209084808971200076e-02 1.039234076825140018e+00
9.174278554466060998e-01 1.265502510815377901e+00
8.647042816140189103e-01 1.610244325332097493e+00
4.834046826945391784e-01 6.776907852831132173e-01
8.526150807148005217e-01 1.364959337955473639e+00
5.167250808986421085e-01 1.305482667499802574e+00
5.849565363375043292e-01 1.356558435957069264e+00
2.320870268325947450e-03 3.036987208194721344e-01
2.259933914671722333e-01 3.623866795305320521e-01
8.281567564482134047e-01 1.226529128029043125e+00
5.856409876248817037e-01 1.583506529287370235e+00
5.078440888333279890e-02 7.448555810769702523e-01
3.447080446034550549e-01 1.079818519110611330e+00
2.166217283341798083e-02 4.627300046693465507e-01
6.070500219544003873e-01 7.161506407578469569e-01
7.207525062612706312e-01 7.602006867791895051e-01
9.992146811550453034e-01 1.037065611438994672e+00
5.954643582346814679e-01 1.265266002931885625e+00
9.478010088164801061e-02 2.253315402221002239e-01
6.480118358117659128e-02 8.696174012848529866e-01
4.358716607722299408e-01 7.251407286580321410e-01
3.827636556820679381e-02 8.996008871454587164e-01
2.560609715198814973e-01 4.183479138640132655e-01
3.987977637851488621e-01 8.035007135904775888e-01
1.213320521686728215e-01 2.352290549239296480e-01
9.378751517755632428e-01 9.963773931911669157e-01
9.012268902773955537e-01 1.788569862532943811e+00
7.450733919790059057e-01 1.111816955754247438e+00
7.322518468674623637e-01 1.389883824471577878e+00
9.545617595335453842e-02 7.481493827655935069e-01
6.417624042776314264e-01 1.309100911198274098e+00
6.287167779210059981e-01 8.737055559364904633e-01
5.488727163866982117e-01 8.038106284806866286e-01
7.039020940778450974e-01 1.648174390608866169e+00
1.320700628367448282e-01 3.788958519409078018e-01
6.400172480896600957e-01 6.598912733592418034e-01
1.615387719829084467e-01 9.170446260748772449e-01
4.218170904764924067e-01 8.947935322012749992e-01
5.684294499241938636e-01 1.308254658077538490e+00
8.260898215365186648e-01 1.662201501596138442e+00
9.272250956336718364e-01 1.467903544760049028e+00
6.711615955509825371e-01 1.379347997272065030e+00
1.727668448616735963e-01 4.639054585882145254e-01
5.185476566521413089e-01 8.629257418718071504e-01
1.154430799857217860e-01 1.012681210385772301e+00
9.860081558623380316e-01 1.882196968241071744e+00
9.814521234439006481e-01 1.549365199619076927e+00
1.436490835473545058e-01 5.532976926935773143e-01
1.397174005380351636e-01 1.014177675825802982e+00
8.567646699093013352e-01 1.023606582852379487e+00
4.382903565928309986e-01 6.858034492954738770e-01
2.261601098240660912e-01 5.730922101130043744e-01
3.824987838426985309e-02 9.027432625341900163e-01
7.405309534897596135e-01 9.364080007035271436e-01
1.808366056245324094e-01 1.069117552577566688e+00
7.660785886453691518e-02 1.476717083919005802e-01
1.574298445259983970e-01 4.671667510659547329e-01
5.625338055593236408e-01 6.780435053703921522e-01
8.338177277166637369e-01 1.768587956366786340e+00
9.558994034105944282e-01 1.940117599576516305e+00
5.670883851497466877e-01 1.088242968584182790e+00
8.022691886071201539e-01 1.505241147672364388e+00
2.901537321934002378e-01 5.641031876477398121e-01
2.191232618976449720e-01 7.309282597566897355e-01
1.070669472942140654e-01 9.292916685583160197e-01
8.504771505033902335e-01 1.052148211326766170e+00
6.923643725410473238e-01 9.296498748038742876e-01
3.215316107335064455e-02 9.853066451878041976e-01
4.453771915139682624e-01 1.006164040902275847e+00
2.802581875093558272e-01 7.249483066307620405e-01
4.086351487748957068e-01 9.257497828559266839e-01
5.164118917242986884e-01 7.933774173032146493e-01
9.690054185267389375e-01 1.383846305451455816e+00
3.648019974268602583e-01 9.022863908624676466e-01
