8.327840326774025304e-01 1.511897268305144593e+00
7.377477685220780179e-01 9.023034891740140395e-01
1.401219185525048871e-01 1.110895982421482131e+00
1.978863836185558167e-01 5.396847783650392527e-01
9.431685039990014285e-01 1.474121131805185225e+00
1.588535706510739720e-01 9.923085847406084570e-01
7.263772351519818260e-01 9.011673145556924336e-01
6.059121598460093239e-02 9.467723579498329434e-01
7.437495336546038338e-01 7.833373478399616729e-01
2.510066837708427867e-01 3.806099030805463190e-01
5.490932328099846771e-01 9.991474642733737532e-01
9.226892142442825184e-01 1.509693417512163904e+00
7.472726215388856286e-01 1.470353269293639631e+00
8.685760195772710412e-01 9.152931648461757330e-01
2.526440137252503604e-01 9.395304030273854412e-01
9.570733725892807131e-01 1.922155992634140720e+00
8.875882895086429913e-01 1.287947126176085089e+00
3.506047690524863869e-01 1.064612604843981902e+00
4.286732940623816379e-01 7.904195044551198812e-01
3.187565776116335625e-01 1.285080443962316465e+00
2.337583139105225971e-01 1.004986162113810977e+00
2.797737504475130699e-01 5.348849454620607791e-01
6.508244663221531834e-01 1.614440790124864744e+00
7.767188852837398905e-01 1.584047801519270049e+00
1.860041919255964737e-01 7.033358496770947266e-01
1.565448923628034450e-01 1.116330664401173234e+00
7.737913292804395882e-01 1.050941914146706235e+00
3.798116108969762372e-01 8.185767847606074676e-01
1.572827548864657032e-01 6.308164648276364250e-01
9.080113762791797161e-02 1.020733666406928641e+00
8.850555370065373850e-01 1.442935501560087097e+00
6.744955130438381463e-01 1.580045415376719831e+00
7.884232440559225674e-01 1.295724914728186850e+00
4.980534713340081243e-01 1.151197094256060760e+00
5.687703606685673430e-01 9.158485730060569319e-01
1.574022927146127016e-01 1.144963474839306272e+00
9.371729530105359363e-01 1.165909151672853028e+00
8.443588815724123453e-02 2.844183088176263086e-01
5.546154260760258747e-01 8.315867142172465032e-01
9.541265277054132854e-01 1.887308300079391765e+00
1.278510718245062794e-02 2.907975332556501646e-01
7.604712577297101372e-02 8.090098810753404424e-01
4.877630280863529677e-01 6.030224842746757519e-01
1.284710295357760490e-01 7.847667586038656884e-01
6.867696329342098949e-02 2.027996379211320921e-01
3.349640820282456799e-01 6.386712717498457259e-01
4.019143153258408763e-02 9.100327909914273095e-01
2.849133589805613598e-01 1.106140692287733929e+00
3.621329200722432917e-01 7.726291480119281685e-01
4.928215120227159574e-01 1.079523466111505847e+00
2.127399026690472983e-01 3.360427534253921378e-01
8.139434511863354871e-01 1.263379629146704541e+00
1.414613261876551675e-02 6.935619272402905322e-01
3.061647250540588949e-03 6.420945395993429283e-01
5.996695209726121689e-01 1.511412753734762582e+00
6.953186377920167471e-01 1.361614731905852249e+00
9.938944100205159282e-01 1.733425041782126641e+00
5.925873954661463605e-01 1.224545760136044326e+00
8.400180263131715730e-01 1.792595054136525423e+00
7.559592579845670901e-01 8.880899675856644970e-01
7.224425288292676273e-01 1.199152655483750607e+00
1.089772997465915383e-01 6.445550073410781788e-01
6.583765356010230496e-01 1.580900012730630078e+00
9.633859595519934649e-01 1.743601004923292841e+00
6.873256800020854929e-01 1.582281908148549299e+00
9.795374580729208080e-01 1.033190044973280486e+00
7.398280378640240684e-01 1.581118294971973537e+00
7.360154173586207493e-01 1.215338180682410174e+00
7.357756260409299420e-01 1.249416369339795718e+00
1.470365917318500193e-01 5.778298167365991667e-01
5.870256686930478418e-01 1.455341975211447592e+00
2.507769405959340281e-01 2.514740556178163278e-01
4.546073288841478988e-02 8.100682631473322681e-01
9.812826256561960614e-01 1.306432784776822675e+00
3.664069056335886865e-01 9.667798973667485196e-01
3.480251170745473077e-01 4.785379641703773057e-01
1.238348058678606645e-01 1.010993664376402812e+00
7.073914447712481568e-01 1.059708309540283278e+00
4.481815997656416473e-01 1.107072807631374500e+00
2.588762428814790351e-01 4.044170378186418002e-01
6.198180402696416014e-01 9.913977583965527529e-01
4.106809478034674221e-01 1.260580688974349606e+00
9.711291166548469134e-01 1.495650793238023413e+00
6.458684904346931877e-01 1.493327082748526990e+00
3.280545080916946743e-01 5.175406685330793399e-01
4.389409918877058558e-01 5.713684379120139711e-01
3.869453362918522377e-01 7.225128136168176285e-01
7.458353652303404413e-01 1.145610459821237992e+00
6.878564928415709101e-02 1.012272167076017082e+00
1.498068904034695059e-01 5.943043912278930252e-01
1.116641068606641918e-01 1.013922625940194333e+00
1.347768178999797506e-01 4.141723499636691397e-01
5.323250535860051258e-01 1.121229534986132759e+00
5.400789932245382285e-01 1.224531342080784180e+00
4.627945259915838827e-01 5.156311173386937119e-01
2.812055223634807311e-01 1.042494488376297657e+00
4.048544389776922436e-01 6.528725608511766199e-01
1.972180477380290897e-01 3.646087296025463109e-01
1.294205600355244901e-01 2.065893764875992300e-01
1.446048020624759456e-01 6.650429817210886663e-01
2.211728588921344496e-01 7.533295845340540753e-01
8.347311719604191271e-01 1.124476199857112224e+00
8.185046365447558037e-01 1.073180959745792418e+00
5.186127013334133062e-01 8.076911233492446440e-01
1.720589927772733230e-01 3.007875218176885301e-01
7.589410366931854668e-01 9.184629378092294960e-01
4.572023162706102539e-01 1.157525275670066689e+00
7.800276241282592116e-01 1.311953186933476401e+00
8.812954799773754511e-01 1.124266893256638644e+00
1.361350842010796702e-01 1.104609824194263012e+00
6.645430974718329331e-01 1.531855791431019576e+00
9.548735504358770720e-01 1.515692307109358428e+00
