7.435808042286008446e-01 1.611447224981956250e+00
4.172696796144651499e-01 1.251738801456928396e+00
4.024042333905675228e-01 1.316948805921680066e+00
4.422790150820733457e-01 8.069429880868457250e-01
6.454307915206829449e-01 7.900761670182652185e-01
7.716347193733735788e-01 8.740718004812427777e-01
1.343295851866496138e-01 1.733831271261552232e-01
3.332858679426444759e-01 6.376555840558986166e-01
7.096874209918613285e-02 7.247801135811497986e-01
7.349596417319993469e-01 1.472939258270353324e+00
3.901899635934606980e-01 1.356578579086012315e+00
9.385758749168215953e-02 7.031006035585420921e-01
3.882128359326626477e-01 1.129661135777237702e+00
1.453422387157496942e-01 7.908654248298869760e-01
2.453456722963756054e-01 1.145527683231547744e+00
1.215001936866233478e-02 1.342360944154424862e-01
8.037105258257182250e-01 1.421870421751289637e+00
4.938910985913812501e-01 6.304736844256767503e-01
2.129920733637735708e-02 9.416575176108699097e-02
1.185177465948317188e-02 4.538493404170220735e-01
2.515433915285881783e-01 3.240767662847010566e-01
9.465272794837272796e-01 9.829475298618269852e-01
9.322975513166338324e-01 1.792738640524786042e+00
9.127026870777400491e-01 1.440209609591462936e+00
3.346086462880019097e-01 1.209084683218257794e+00
1.318409339581425588e-01 9.999492329834807069e-01
5.731498783513843120e-01 7.752723924841020686e-01
5.725238419626689224e-01 8.250073922805420956e-01
4.431585281073384674e-01 1.091392336850680156e+00
9.087773488914294706e-01 1.814526188269013129e+00
8.642960706707972784e-01 1.467112349236422864e+00
4.912791549965400684e-02 9.291280944661031160e-01
3.818406475756855878e-01 5.184976223583294130e-01
9.509744467261783685e-01 1.352697966904136795e+00
6.804398816514907189e-01 6.948384920013614963e-01
8.486253010982641731e-01 1.209906453039329310e+00
3.944819099873014823e-01 1.344645135445558859e+00
3.716790790742680040e-01 1.354252113621689624e+00
9.231415532943724189e-01 1.302451139107727140e+00
6.482305938134101941e-01 1.375581649016799357e+00
4.961527426105131200e-01 6.229443492560070572e-01
6.054249439502069619e-01 9.255637538145941035e-01
9.290437911009356009e-01 1.689631449231777882e+00
2.719298101415479341e-01 7.165896084919497477e-01
8.631946021063826580e-01 9.585217412155646599e-01
5.203804170037030774e-01 1.032693712533164998e+00
2.831870898635990841e-02 7.781102232034328159e-01
1.936074512001150216e-01 4.285187512027609502e-01
6.262163026483935635e-01 8.182290712627381390e-01
4.451982297014674961e-01 1.254340888279906086e+00
2.669536986853002780e-01 1.149866181080861693e+00
3.037461392842305541e-01 7.668117603886464018e-01
4.229672726157713836e-01 1.045429329507304050e+00
5.022928704631750563e-01 1.141837453497360100e+00
3.109379642586831416e-01 3.820903482731742296e-01
3.349198483823870864e-01 8.115069351961499144e-01
2.092605694739888555e-01 6.312888331359028937e-01
2.170808877385190794e-01 3.465001705879567906e-01
8.355699893978491000e-01 1.010734362436067624e+00
9.761042773707441222e-01 1.558273930021697673e+00
4.819907536689724825e-01 1.409051416818992486e+00
4.143992767021298373e-02 8.069606076046114129e-01
8.439373577674306182e-01 8.883968443576611973e-01
9.100577043339980188e-01 1.634834778486159657e+00
7.653580816402094644e-01 1.758268576843777575e+00
6.291874238661711027e-01 1.605636670172198244e+00
4.408845595040680188e-01 4.836128062503468605e-01
6.076584116764575105e-01 1.199819006782466335e+00
1.890779942031494132e-01 4.556940823236056426e-01
4.062218994192120514e-01 1.062039518555366602e+00
3.531328953780369373e-01 1.138925760653196839e+00
7.808191164514600713e-01 8.127726198424050086e-01
5.892457371972773528e-01 1.276891209069166866e+00
9.129052361884737454e-02 2.221172741496961756e-01
6.775135785765644680e-01 1.332884908401514412e+00
6.638923606309661274e-01 1.265498376750424203e+00
7.514078243387480871e-01 1.122011736255967840e+00
9.134121868423317192e-02 5.150752060318376513e-01
2.684125231409125734e-01 1.179567422229597540e+00
5.873476819310494701e-01 1.316952422911939813e+00
4.992603161013264845e-02 2.164844824211761276e-01
4.441793534361325735e-01 1.391390153306106825e+00
9.557433895637251764e-01 1.334474731848788176e+00
6.810097752816404171e-01 9.160245177749384293e-01
3.430479444174778791e-01 1.165270656510984271e+00
1.311258907560800546e-01 4.967796709619859419e-01
3.903940690269928071e-01 1.328077813417741115e+00
9.152823756562308288e-01 1.309608789927657391e+00
8.698139330908573053e-01 1.481494042950010304e+00
7.768256344279775849e-01 1.705410623955762706e+00
8.487711264770652075e-01 1.225716404471447252e+00
1.429404688547442071e-01 7.313202694677237714e-01
7.388553950235633438e-01 1.221659264960453184e+00
8.361916664792717890e-01 1.097032178071403186e+00
7.172832104417928845e-01 1.004678723267339535e+00
2.470768454321800034e-01 4.050489725916150974e-01
8.778807250277731455e-01 1.602175391749320443e+00
7.110514671528828101e-01 1.123278863927410942e+00
8.531301015009777888e-01 1.766263039598928053e+00
7.286532681031582248e-01 1.538096315840808082e+00
6.955361698751748589e-01 1.040310081709670875e+00
8.788982994207014121e-01 1.093816489498796507e+00
4.816594470085244772e-01 6.154804934116163695e-01
3.008672198014340493e-01 5.348261741332952512e-01
2.409894694840821749e-01 5.441656825643438333e-01
8.579048749948787744e-01 1.793026489483650732e+00
6.816567713132785089e-01 1.125213484769688188e+00
6.023640173223587801e-02 6.975133272021794006e-01
1.122236071059422580e-01 9.856062784134533850e-01
2.285252044607080091e-01 3.807041313965454643e-01
3.466406797246996963e-01 1.087311216905544775e+00
9.197313688595947223e-01 1.252281842419612712e+00
4.456171102626651503e-01 7.860563915198397478e-01
5.615271390567937448e-01 1.352712195371049475e+00
3.919654545605792961e-01 8.911050516950587141e-01
7.782690454074392417e-01 1.207644817448205954e+00
6.031692307393085040e-01 8.473264163800945381e-01
