1.033538860711868956e-01 2.422729798041045601e-01
9.909147854214860329e-01 1.701914297735669601e+00
3.354160887549717529e-01 1.086878759515885751e+00
4.564701317577755102e-01 1.033464355056535666e+00
7.905614582234816723e-01 9.481489642059012235e-01
6.009212433358787075e-01 1.176790482639845425e+00
7.819604587648059102e-01 1.071080395555281228e+00
1.676115459476396063e-01 7.319273740099867531e-01
2.703038069003059762e-01 6.704771235363675697e-01
9.013957014667399736e-01 1.590947330727453091e+00
5.700772165203052966e-01 9.762809737168933744e-01
1.824990554310248481e-01 1.143157582989359877e+00
7.999448073544997984e-01 1.690871896355083948e+00
1.811649680093567749e-01 6.828184625807446340e-01
6.046599107852667077e-01 1.110771868433238385e+00
1.791453329490508839e-01 9.508291108596050867e-01
8.980656291835767968e-01 1.175841994399541734e+00
4.453009805436689561e-01 7.289099103369670596e-01
9.698039601309635938e-01 1.053664221124140266e+00
5.871185029598795513e-01 6.664870570696848073e-01
8.446276048814713722e-01 1.096186356495258529e+00
9.459911999496660728e-01 1.162160386014555069e+00
8.078957502420328618e-01 1.250506686997526540e+00
5.998294132428657610e-01 1.094874719792177320e+00
7.001464899666749453e-01 1.387674331959571905e+00
4.428146179885066314e-01 8.552254217134275249e-01
6.627655439087541955e-01 1.465859013900302710e+00
7.825196944023369294e-01 1.046528630456973641e+00
7.710642226344999184e-02 6.005708985988847948e-01
5.992986744001570498e-01 1.271226358034638348e+00
1.615307961188964248e-01 6.708587321787766733e-01
5.806507381847800797e-01 5.820023960287300513e-01
9.750225251590552977e-01 1.938588680063326297e+00
7.358749117280433127e-01 1.325130710275002288e+00
6.747449254821584752e-01 1.387963687543270153e+00
1.970317987704600649e-01 4.873836864321852147e-01
6.826557850497128044e-03 8.951681554889862058e-01
2.532098154230917331e-01 3.164324170404243519e-01
6.608843466892617702e-01 1.424994641254942351e+00
3.448723507206257199e-01 1.249678177600894946e+00
3.612206827329977887e-02 1.023542431931023788e+00
5.207346462739215198e-01 1.019543771856142422e+00
7.149516802482940303e-01 1.355377130466094204e+00
9.642890459151455262e-01 1.720415201079955381e+00
6.758805451917689888e-01 1.387984572699847874e+00
4.471124119151616005e-01 1.261116866242068424e+00
9.934710288508890041e-01 1.578508097495620044e+00
4.950714580225594741e-01 9.791590324158978564e-01
6.713158362512547939e-01 1.057806774263534866e+00
1.543177414692621374e-01 1.126236287589906793e+00
8.265055621848055312e-01 1.465267587010226080e+00
2.893419845329882056e-01 3.646120896807067968e-01
7.172987144924262148e-01 8.511093078402690582e-01
7.180507966121015828e-01 1.045148369504403707e+00
3.578566909267568708e-01 3.815272722038476338e-01
6.555671161722834706e-01 9.496072453925309409e-01
3.889689047047528714e-01 7.966425248764765765e-01
9.536812183829623812e-01 1.598169557715733990e+00
8.862990732110359593e-01 1.085766599475334493e+00
6.980675188002026799e-01 7.855575861010384298e-01
2.160584180830577017e-01 1.130827522045941613e+00
7.186484468850100615e-01 1.231402801254927848e+00
2.967218274780795140e-01 7.608806438024091623e-01
7.536322164742880192e-01 8.110732975998966587e-01
5.749899494984128667e-01 1.112155646495829986e+00
7.361251964168036288e-01 1.257644522933936138e+00
8.243977429316470262e-01 1.718431860832070335e+00
2.761269471379184104e-01 9.033994225930817024e-01
3.028737369439353788e-01 1.090564523567756794e+00
6.258903032494046448e-01 1.034352268349763904e+00
7.048034466875554571e-01 1.498786934653908887e+00
2.601750688148279922e-01 3.368315794006320196e-01
8.920553786257737761e-01 1.472915863847007456e+00
2.177496639369113085e-01 8.954397828228903844e-01
9.507823571019431430e-01 1.594807889320452698e+00
6.739397683734971167e-01 1.119382158730931387e+00
1.364091077285641829e-01 2.351588155454562568e-01
1.925440699442465542e-01 2.715735413195602410e-01
9.681933179261746902e-01 1.829293661946973959e+00
4.297952657830881318e-01 8.692045580232438118e-01
3.087730657559588643e-01 9.062119657964554653e-01
7.844695264782775013e-01 9.854200486053684704e-01
3.548906067521260255e-01 8.857049398155872888e-01
9.960367433477020915e-01 1.665644050303962453e+00
1.927104128149219608e-01 7.865365571843119241e-01
6.254181361156513352e-01 1.615113206797671896e+00
3.619985760660664464e-01 5.499724663381052592e-01
2.387162926303141308e-01 4.759695474459059161e-01
5.364853265278092254e-01 9.924009812204961367e-01
5.745887819627569781e-01 1.135086542182844660e+00
9.114859734957214688e-01 9.965206358281638588e-01
6.614147317336945830e-01 1.582586152560954584e+00
1.736204210950100801e-01 4.747063819481860403e-01
7.770440404728228279e-01 1.204291832820528541e+00
1.497203564727709324e-01 9.067649035314063743e-01
9.967706015839733480e-01 1.035710134120751080e+00
5.913894370087928731e-01 1.260086459731269315e+00
4.497142408222931653e-01 7.591566904855882036e-01
1.284218149831228839e-02 3.401627095169494908e-01
7.380905743554821985e-02 2.756593728598607518e-01
7.888089566178606571e-01 7.900207816154533047e-01
6.167993420249948677e-01 1.143727668719841217e+00
2.660576399707623718e-01 4.681940982370844662e-01
8.230919783172032655e-01 1.339359280374843753e+00
