3.326568892000992816e-01 1.109037947088587828e+00
4.689722481918874308e-01 1.119039977655612361e+00
7.594946445934663837e-01 8.243294382114387808e-01
5.587392111811898543e-01 1.090407403598860014e+00
9.413872718262294992e-02 7.592518175374785017e-01
5.389069511104551680e-01 1.343855086859235826e+00
5.047820109110470188e-01 8.462076554105785187e-01
6.689350031480163494e-01 1.172177231218860971e+00
7.890063485511722430e-02 7.090290909992585933e-01
9.265464134118369666e-01 1.289561916498357608e+00
1.220529762666772156e-01 2.433314176595987588e-01
3.519826485468767752e-01 9.657859343325069235e-01
8.080751499872060872e-01 1.109188878780445808e+00
7.657235072879525761e-01 1.682595278041414399e+00
3.491028250118486387e-01 4.933279258915236332e-01
5.319810028369638122e-01 1.212809425614554737e+00
6.922239719213574283e-03 8.482066412850272075e-01
7.606606276424219271e-01 1.435265135272557835e+00
4.151715195429710459e-01 1.386051172413420129e+00
2.685649972813579645e-01 1.153734943626969489e+00
2.671540616051891748e-01 1.169778017710761731e+00
3.188087036122778661e-01 7.551019185798071298e-01
2.092757466470136496e-01 4.933595307581034595e-01
9.008053485023380658e-01 1.101631025304370848e+00
4.559169125492155139e-01 1.155907201686938501e+00
6.922453845046500076e-01 9.861740996170523799e-01
7.037847955254085131e-01 1.482163856884128217e+00
2.970410185832811356e-01 1.289499427063373060e+00
5.797469186070457470e-01 1.551301941600473189e+00
3.615606607992870591e-01 1.220675182581671070e+00
8.409180799121113159e-01 1.560441311869201986e+00
7.916417692320381061e-01 1.401224802170093486e+00
6.270910113878267467e-01 8.182001243559828829e-01
5.248950589654071130e-01 1.003171146953982795e+00
8.356138608055506678e-01 1.314038573398814469e+00
6.135823121390332480e-01 1.385182410156324373e+00
6.212620402301717304e-01 1.551262591811057412e+00
2.361815729825644805e-02 3.450226284058250936e-01
6.370733327987087025e-01 9.728896340463644155e-01
5.198195519843988865e-01 5.657636697427167460e-01
7.504203525482645576e-01 1.117581656106583221e+00
3.620975464199579497e-01 8.916499802609811898e-01
8.925837493629872332e-01 1.372703986522194608e+00
9.239452461924124727e-02 9.595966502298441947e-01
3.936060451513432312e-01 9.489550646566380365e-01
4.324360797032493764e-01 9.455769879760677066e-01
7.542937485422673838e-03 4.733829391597343950e-01
4.571877782121317457e-01 9.160933490283252878e-01
4.190166177842571393e-01 1.280158043811962854e+00
9.390261214729376249e-01 1.089414708674683041e+00
2.227594784570008368e-01 9.813425603882912629e-01
1.855698510294421233e-01 1.132734514872630882e+00
2.635957308713083869e-01 2.773411541245266454e-01
6.736166418818111401e-01 7.836209651124932396e-01
6.360864492839883866e-01 1.106819598710390373e+00
6.291794251816820172e-01 1.349519194210445416e+00
4.747121900832654839e-01 1.158857872169134939e+00
4.204261851555335383e-02 4.853550429422714974e-02
7.961208647291209139e-01 1.773272506269152338e+00
8.571428917229974020e-01 1.752313788407261708e+00
2.608875808427392196e-01 1.182296837101985965e+00
6.930740697149446738e-01 1.529468158934837341e+00
4.215523907107171508e-01 6.719383754387250329e-01
5.712603201934545183e-01 8.296051534051100962e-01
5.114205089073289301e-01 6.499886245855841516e-01
6.252975353390841651e-01 1.273824945831341093e+00
9.451792526692924801e-01 1.193278145771734522e+00
7.500709703762915570e-01 1.441115144681307303e+00
9.000783608640727795e-02 7.834010614023252383e-01
2.266166892237592156e-01 4.623577035768238197e-01
2.208379670390500094e-01 1.008823286087948468e+00
3.002531619993926704e-01 1.070979875735014630e+00
5.105907572076409107e-01 7.571878186382945408e-01
4.493040541423751755e-01 1.135927400760551098e+00
9.334391381010157529e-01 1.726118036844957793e+00
4.627287629353283860e-01 1.300097536739643012e+00
3.878389753331746848e-01 1.052114552608045539e+00
3.977873856556609633e-01 1.297517390442035845e+00
9.533916095935793811e-01 1.713406720001007688e+00
1.377541486029114637e-01 9.806518252927580725e-01
9.921033535971778283e-01 1.669807628285169487e+00
5.570912893771163832e-01 7.339712798895052792e-01
9.950651341467572353e-01 1.414014432007447031e+00
5.174122543951875652e-02 4.622908132424274896e-01
9.980777632042535652e-01 1.986507893623090215e+00
7.786918137686732466e-01 1.038146139146613356e+00
3.306814012551380078e-01 6.107525488026401828e-01
4.589859472667821017e-01 6.262970164923576943e-01
1.535124667765186413e-01 7.238605401922627580e-01
7.984448306901337222e-01 1.057096842284204197e+00
4.294248009755829987e-01 1.056679632080760767e+00
4.109367335021842926e-01 1.289039052489166171e+00
7.860419845350836709e-01 1.047296303617054614e+00
1.243573055047496601e-01 4.903871639166694774e-01
6.445002497728847812e-01 1.354623179185934445e+00
6.965412554120582467e-01 7.288212938840983313e-01
3.942207783930129494e-02 8.517688228313847754e-01
6.529526355666274151e-01 1.245840761015913234e+00
9.433496697322582003e-01 1.508455081324035607e+00
4.024630632445913569e-01 8.822816027199319455e-01
8.866488739482836223e-01 1.398802324778607886e+00
