7.566068674827581830e-01 8.501546713319221293e-01
6.912119174143063205e-01 1.202123511975405235e+00
3.203140534023645181e-01 5.747400134896740731e-01
4.224661379211495094e-01 9.130326672118771469e-01
1.073348020816013992e-01 4.497022285794414209e-01
2.078470876244395971e-01 8.917235736453232864e-01
7.578899776609655525e-01 7.900542126415318611e-01
7.548212857149438904e-02 3.757662422355385612e-01
4.693638179681958178e-01 8.506924369879175218e-01
6.045945071227726286e-01 9.561715164664654765e-01
7.329296476667526150e-01 1.392435846363497820e+00
9.869288895342857026e-01 1.017428499726675817e+00
2.983937496810016299e-01 1.096301834525287067e+00
2.963566568411301061e-01 3.137448826439835914e-01
3.414235391621911475e-01 1.298142334835131972e+00
4.588934729668704415e-01 9.619813389981408669e-01
7.551218740813225860e-02 9.137243356808144590e-01
2.679848126216601845e-01 3.008420005548402276e-01
7.780412676076218226e-01 9.679946121642021284e-01
8.450841390665024822e-01 1.355296411424210756e+00
7.098025372511999054e-01 1.289464245026977096e+00
1.197702482206359775e-01 9.676902117227693667e-01
7.330818091090962607e-02 1.000674028131373738e+00
1.274509195028395991e-01 9.977540523942577400e-01
8.329812172607543586e-01 9.418190634692424901e-01
1.316479790121318771e-01 9.949260775900359288e-01
9.696401881199980810e-01 1.023536071198999586e+00
4.169967936944473097e-01 1.037717933054733033e+00
3.023314828678262955e-01 3.361823051059293910e-01
9.889276040797790879e-01 1.730987299716919114e+00
1.025185709729994343e-01 1.024497147738793412e+00
7.596477969937517338e-01 1.119377264790418769e+00
3.863044204521487446e-01 1.276027578283927433e+00
5.647183505468068576e-01 8.277555256435527031e-01
1.555137802407565717e-01 1.147619106535049838e+00
6.793389414092189105e-01 1.236838295655609432e+00
8.050132569776644598e-01 1.355504948856219194e+00
7.108672961933185652e-01 8.862164100595688598e-01
7.643059563874721185e-01 9.802970597851792256e-01
1.676239812890870651e-01 9.115741318186483255e-01
3.626845379792096313e-01 6.681058247891946689e-01
8.808189701280612072e-01 1.190278102775444102e+00
4.656337737406491817e-01 1.096219984954583282e+00
7.819520329667066783e-01 1.466995591446718095e+00
3.282581399011335055e-01 9.047232875915675043e-01
6.505799462232111363e-01 9.529824014517884745e-01
6.315190420602411203e-01 1.543610960502652230e+00
8.742094742398008878e-01 1.361943581622077737e+00
5.326192255704069733e-01 9.595806879783059795e-01
4.080348223616865333e-01 8.503312049381139825e-01
7.153781226077758904e-01 1.401535813638436601e+00
3.269408525758135120e-01 8.684685974028611977e-01
6.005869892044823910e-01 1.200992654898132894e+00
8.195838117389753208e-01 1.418671811633267721e+00
9.760981535106605378e-02 5.110327011753315052e-01
2.453364888639339991e-01 9.480476370236523564e-01
7.493021606912134702e-01 7.854700219116165227e-01
3.571680111246520184e-01 4.157322594585541875e-01
9.580031596999295518e-01 1.179273023849399138e+00
7.986084446027235106e-01 1.298357236238144363e+00
7.716744879693204773e-01 1.269453471464526029e+00
7.073964203472143941e-01 7.827320779566392384e-01
3.193991857580846805e-01 1.279354046443129445e+00
2.319238555002207658e-01 1.211385804726693660e+00
1.309580681635275079e-01 3.752431278093389944e-01
3.831559936706213643e-01 6.429630386782855256e-01
4.256213848664924804e-02 8.418609195115237531e-01
2.942266322226242403e-01 4.600578323880231135e-01
6.393831694870266702e-01 1.588544794429651130e+00
9.065462780362999462e-01 1.053153463904233034e+00
5.614708138872485099e-01 1.054518379509658210e+00
8.460165108573340920e-01 1.168860393773380579e+00
4.831560004426526111e-01 8.964753959643448900e-01
2.271102789432891678e-01 8.527743099629770951e-01
6.708287500170470041e-01 1.079266172603359664e+00
5.535933282214242634e-01 6.590985806081903764e-01
9.723182003894366154e-01 1.223758657387138182e+00
7.077803514250102790e-02 4.979916554971959286e-01
1.135824215143272919e-01 1.027203288763681499e+00
2.191674855021787938e-01 4.828940224918009116e-01
3.364299119414815298e-02 3.960938059903631459e-01
4.223133502701588160e-01 6.760174984063003212e-01
3.303147321841528594e-01 1.294532471986496569e+00
8.431056159032459529e-01 1.522529698378473517e+00
2.105100322826602977e-01 8.753614615866303073e-01
4.419865401425613349e-01 5.227839820152633266e-01
2.636197764888728035e-01 8.320756140348811725e-01
7.755874183016394641e-01 1.046112331816291263e+00
8.334192242209248480e-01 1.505311148974017854e+00
9.453968995971018252e-01 1.730029534151275916e+00
9.556377786189931278e-01 1.129506710951534210e+00
