6.680914159496198490e-01 9.941387949186495376e-01
3.465182835245927961e-01 9.895189844377518806e-01
4.470159103999082895e-01 9.427372310985137061e-01
5.266604228996285553e-02 1.052463087147562426e+00
4.355140644533705974e-01 1.336787579531812487e+00
7.074407329372460751e-01 1.679118722402819674e+00
6.603426952059400223e-01 1.231547835160028637e+00
1.800611014486677153e-01 2.492642496017358766e-01
6.631820992949886140e-01 9.491139823307088719e-01
6.053167418270881672e-01 1.322840057692868498e+00
3.892622510663080737e-01 8.064996752549042913e-01
7.531431133088187790e-01 1.290795164986343169e+00
3.575040374834015378e-01 1.062326504366587709e+00
7.403415592842280679e-01 8.790271286376664106e-01
6.849220856156224002e-01 7.978507943759093335e-01
4.270148884524890276e-01 8.852307034834464572e-01
7.992875079626312607e-01 1.577960574228133739e+00
1.869238583319391411e-01 4.261952914740403386e-01
7.306630951970849441e-01 1.648488203771543592e+00
6.562992009908985569e-01 7.013480123220119378e-01
1.440022034324457412e-01 6.729181171881686296e-01
6.732843293251963290e-01 1.466022649194816729e+00
9.002441634499905865e-01 1.066356191973956591e+00
3.164673156670000376e-01 3.958670143951534826e-01
2.857606081776320472e-02 7.895166459811833182e-01
5.264876303287734371e-01 1.514997094774065856e+00
8.895466658747545052e-01 1.746344327178178668e+00
5.632280783994707551e-01 7.868965987850444765e-01
3.800265681628457459e-01 8.441127959180744211e-01
4.461588480456465389e-01 1.139012049855713471e+00
7.350693448097151972e-01 1.439412359208163572e+00
9.446013153140749852e-01 1.615359157453604144e+00
6.020834028156507589e-02 2.592597488658596738e-01
6.827010951064218514e-01 8.665553931788114728e-01
1.512933428561225035e-02 8.090897269686614379e-02
9.149609323291462148e-01 1.695878644781106726e+00
4.641223963039503575e-01 7.382309513487049779e-01
2.696569643649214809e-01 1.084821006623914563e+00
7.627220059071060376e-01 1.186494652612297696e+00
4.223110551706374949e-01 6.544973019075557286e-01
8.313457460644855246e-01 1.090968279342718894e+00
8.282066039214613928e-01 1.232766684593320061e+00
7.146571823614366048e-01 1.357727104850425359e+00
3.821779055536437264e-01 6.803896059884569913e-01
4.181838023659997239e-01 1.068246580039774241e+00
7.004194861147153839e-01 1.565300213520776751e+00
6.463044394141745919e-01 7.283024838887088848e-01
3.237743918878475125e-01 1.153766654248089552e+00
6.000189574993020081e-01 6.449336559982948858e-01
8.741323666974964990e-02 2.577398735559834897e-01
9.266655296077563886e-02 8.792998796556361629e-01
5.870028082220619670e-01 1.506341060262987419e+00
3.332006682468143799e-01 6.097169525799719381e-01
7.024301425378499664e-01 9.937066306769648527e-01
1.293337860000636219e-01 1.008842506333592848e+00
1.251321922694531574e-01 1.789821521722473330e-01
9.692397774364861496e-01 1.475459129564672622e+00
8.936937159863767022e-03 2.502521296835403808e-01
4.376677274475289092e-01 5.814556602077177727e-01
1.358123381508270500e-01 4.950162385024250433e-01
1.382005315010325086e-01 1.405271058475666690e-01
1.152882651772846323e-01 8.900474775825342189e-01
9.451115825560684192e-01 1.549161264098454893e+00
5.890812654309134366e-01 8.786508199516590567e-01
8.103868790250527976e-01 1.057725944876594992e+00
7.865624842300908970e-01 1.405676750407245823e+00
7.144199913064253060e-02 5.369676775374760958e-01
4.927730447832026073e-01 5.667010047640299586e-01
5.534679515310414466e-01 1.370051080997259474e+00
8.830823634051064852e-01 1.359327053955584175e+00
2.836622309045131463e-01 2.995251484369739758e-01
3.639142155792287614e-01 4.934928249449568316e-01
6.856166365276252783e-01 1.625139792905627045e+00
9.251304760623925150e-01 1.006232423352379168e+00
8.773761821196434108e-01 1.738746503951387856e+00
6.944989509789887272e-01 1.226456143471438942e+00
4.997995025365864485e-01 7.207541258372134330e-01
7.330099969334924470e-02 9.305653293589990493e-01
6.122744232214468729e-01 8.655609943403036466e-01
4.399171159021737498e-01 9.332061648492997463e-01
5.972445223424904803e-02 1.677466789669898040e-01
7.606362283738103969e-01 1.330439821855871285e+00
2.128431151899851104e-01 6.357095258408447247e-01
8.430617327011097339e-01 1.513080284261850927e+00
3.759280104771025588e-01 1.048256593883290844e+00
6.523515262724498553e-01 8.348708242449358607e-01
8.985284345792140526e-01 1.106217123395182078e+00
2.586077055775757305e-01 8.001695833309575567e-01
2.609338452952214560e-02 5.017198018375189639e-01
4.234520610010685804e-01 1.113272054721712756e+00
4.068798492422582846e-01 1.097319735557206855e+00
7.593585357335921326e-01 1.281145878318239451e+00
9.552399419140183978e-01 1.767309965109326919e+00
4.088943478968221079e-02 1.233164198366196729e-01
4.972424434131270665e-01 1.035882383585389421e+00
6.391140628375110433e-01 6.971247262351328855e-01
8.701281831430320857e-01 1.086223165438487515e+00
1.474794881219921860e-01 5.048351057824670418e-01
9.252426014191506010e-02 9.538071296520467257e-01
2.912205583941435139e-01 1.078999973900285347e+00
2.094471386136532720e-01 1.143112760083125012e+00
7.487067200857568938e-01 1.637851959398385571e+00
7.471900818831102020e-01 1.304494300723551881e+00
7.970906726061263159e-01 1.088622940753134039e+00
8.695210549415433032e-02 1.574099601239998814e-01
7.581170240681348593e-01 1.065986396298080674e+00
4.205179863347605629e-01 8.623565689008361179e-01
9.792830337305709065e-01 1.882173224915452803e+00
3.789195183506648412e-01 1.116819928524126926e+00
9.895212110556512730e-01 1.097466387294591117e+00
2.911449838442363713e-01 1.067284516701230146e+00
