4.704990382802958226e-01 9.008726760495689989e-01
6.225634475851263838e-01 9.093233706636699720e-01
2.138823439012710326e-01 1.115191691414749720e+00
9.760793030863658126e-01 1.039711293296949002e+00
1.226923330561976444e-01 6.048219612132375023e-01
4.538216867008683097e-01 1.383732735896040511e+00
3.870611275643244253e-01 1.335953672161559247e+00
1.217327455975851791e-01 8.506694330898716405e-01
1.021241089061927232e-01 8.600341600391959718e-01
3.552961012371689264e-01 1.133840919361289945e+00
1.601378983585571847e-01 4.721218320743848507e-01
8.084304155908752509e-01 1.525310544558995840e+00
4.031098178795274878e-01 6.239705777574516832e-01
7.386913653369795441e-01 9.557494823060507239e-01
8.500948568501436320e-01 1.625241187285427991e+00
1.330767908734581395e-01 5.400497684084586414e-01
6.871310197365608774e-01 1.011879127438419790e+00
6.220768159443897938e-01 1.602287981724676680e+00
5.525198225659955220e-01 5.845654115915794868e-01
2.653038245702665776e-02 7.622037979008655650e-02
5.662333944942057329e-01 5.704144643384749802e-01
9.769329438034443092e-01 1.897153002289384549e+00
7.136085609795700391e-01 1.583807505503416202e+00
9.501837271955707598e-01 1.161030623892413960e+00
8.896305332051879233e-02 2.372449098491850039e-01
7.084185802499297635e-01 1.615715774509171032e+00
5.158244689828517249e-02 6.120520713314901995e-01
6.770163379706695128e-01 1.480961919368900981e+00
7.312832494467876865e-01 1.392068143164768568e+00
9.076151492224632245e-01 1.068522437432580796e+00
1.587253111713438081e-02 8.704144883869098237e-01
8.913106242733865869e-01 1.208898660622053534e+00
2.596030630648216153e-01 8.659523659732234480e-01
9.178159260391312024e-01 1.346954094856261275e+00
3.130854067730852730e-01 1.169295373800624649e+00
5.403406443743351550e-01 1.482735569001812692e+00
2.868395805833040546e-01 8.006412571271865897e-01
2.822960216139267509e-01 1.089951982034607081e+00
4.376905378593460849e-01 1.275255836574018531e+00
2.581438327017626655e-02 3.611192881525978615e-01
1.595991722877909691e-02 1.199168233545681028e-01
5.266863552398308723e-01 1.142533466312611656e+00
1.724800243628731300e-01 7.155006331279161191e-01
9.151743404379869551e-01 1.172687235511798765e+00
2.937764979430574908e-01 7.323177060883302447e-01
4.300491974004634343e-01 1.149975364872845240e+00
8.362523537400247120e-01 1.072888141678447926e+00
2.061313031398158691e-01 1.149219685825429105e+00
4.969284074729373168e-01 1.199411195969201316e+00
9.029333334981504144e-01 1.386556861243526395e+00
4.418778560683327417e-01 5.829015300295475877e-01
3.439455493367691297e-01 1.253965750639681742e+00
6.008154770024783931e-01 1.594466153042511714e+00
1.519949404627629619e-03 5.902298075567055102e-01
3.713689637535761978e-01 1.366406975450890293e+00
8.686923261450237854e-01 1.868458978575383123e+00
6.647223870895165865e-01 7.806517992804692385e-01
7.557079175693015571e-01 1.599070566982065733e+00
8.288341296017032178e-01 1.742308889749375478e+00
3.073614136049283019e-01 1.213527111427309180e+00
4.193812997910201235e-01 7.080880457929596972e-01
6.781386074741146963e-02 3.406997404880279801e-01
5.956119796203825922e-01 1.417720907668471586e+00
3.524898292942724165e-01 5.555975865474322983e-01
2.113870874282803847e-01 6.808644354058693837e-01
8.940098133904694766e-02 8.535732965628974878e-01
9.661014553750233436e-01 1.247022502772328512e+00
8.799657681173699286e-01 1.069799018816466329e+00
8.487346733507494800e-01 1.115718493735949446e+00
3.588140440825405841e-01 1.131983255682983192e+00
6.548144179794240793e-01 8.352316817422258399e-01
7.441751171532902109e-01 1.505201565961598931e+00
8.045540131348539736e-01 1.369888639660199914e+00
8.682876577090794523e-01 1.305272917312652714e+00
4.780157739875836587e-01 7.640327565525766307e-01
4.079887071831665990e-01 1.048446384897311123e+00
3.819295106048251620e-01 1.138425344031413378e+00
8.263546537275895387e-01 9.819504858722455376e-01
8.440395956617272599e-01 1.040040801704043893e+00
1.171467680444016057e-01 7.935515361430331982e-01
9.048864182582480042e-01 1.599815788932549054e+00
8.705995659406396969e-01 1.839685313102130459e+00
5.774806818371694961e-01 9.262055333907915911e-01
1.111242342014933104e-01 5.677472174324439402e-01
9.699388541801331476e-01 1.312906229746270581e+00
3.098820964743547179e-01 1.240171973661589711e+00
5.149583220987027365e-01 7.772760819274323607e-01
2.571798457810500205e-01 3.584559282494624854e-01
9.733656863532796910e-01 1.251268271912392649e+00
7.575408759640569478e-01 1.745537016537513475e+00
9.825878782937611522e-01 1.791049863044910317e+00
2.646075461945340823e-01 1.115964077347351813e+00
9.585074874324401861e-01 1.477365414410023003e+00
