3.256605568605790424e-01 1.284723861945252565e+00
5.443999448413503472e-01 1.512154784980190847e+00
3.513982380264752958e-01 1.315152672680795831e+00
9.335185501700731248e-01 1.107269728327663572e+00
9.238124331013564117e-03 9.147617910010387154e-01
7.875085353458244342e-01 1.220908531617143300e+00
2.220654849501161321e-01 7.314289195193566240e-01
8.730608657195891853e-01 1.871520036734777293e+00
7.300769538272781078e-01 1.580111963506669603e+00
1.180084625777880758e-01 2.167165417632339608e-01
3.438035157723255963e-01 6.257861785268833410e-01
8.602271380900662345e-01 1.006266287880630772e+00
5.593322453821087947e-01 1.238912336284624605e+00
5.312461765424215665e-01 1.124597826617677487e+00
2.049205170926651220e-01 7.792329423507469155e-01
6.770301100854381193e-02 7.262196838660629483e-01
2.291699278184712307e-01 8.134136988037548033e-01
1.843385874817036196e-01 1.969178849452445368e-01
1.647291221830806673e-01 2.832137454322990466e-01
5.912318869468807803e-01 1.521741884666888200e+00
9.753241174067887043e-01 1.884151475553880850e+00
1.250407656418135449e-01 1.056991709649077293e+00
3.238012246182141451e-01 1.113450510430513685e+00
4.624086372673464895e-01 1.120915055360570234e+00
6.287618268977468450e-01 6.756437267745927233e-01
2.009702405843392103e-01 6.882897320587402223e-01
3.593777095753094564e-01 1.164423797294418694e+00
7.170374037226523445e-01 1.683799080845953533e+00
5.444700859776411273e-01 6.702344185790368725e-01
5.701183865838543863e-01 1.549125486466064405e+00
4.218465782953109144e-01 4.927897660476648900e-01
5.508317201455170675e-02 5.076866337852985467e-01
4.717903011285746739e-01 5.363852175312203707e-01
6.965099304963363602e-01 9.909186512619192477e-01
5.438698942610430409e-01 9.124719362773888731e-01
8.587129067746670508e-01 1.082270618633920378e+00
7.971524620944568928e-01 1.315344616615013340e+00
1.797737656722125932e-01 6.079237322617001560e-01
2.845104405834442129e-01 5.778358390717737159e-01
6.050057834083353292e-01 9.630770476356903531e-01
9.934088158615501651e-01 1.826633876667540735e+00
4.080412485731446104e-01 4.429771744979487114e-01
7.118338432423314543e-01 8.481715861678261748e-01
6.296492693253271655e-01 1.397874233725461046e+00
9.278795518457477742e-01 1.503623001267732073e+00
2.395820408762296960e-01 4.748120848386633286e-01
3.103966790793980524e-01 1.196065485154610197e+00
3.984599859456363635e-01 8.938838897871309586e-01
9.085353031954050973e-01 9.709538286400120066e-01
6.319212241879155201e-01 6.548934405415429705e-01
3.196276262648962696e-01 1.077404146490774206e+00
6.822814536995310819e-01 8.073948144706427632e-01
7.007622258591609254e-01 8.819169632479894050e-01
5.227279501044908017e-01 1.140151643194508235e+00
3.236963383391633364e-02 3.244995127702563487e-01
3.167285022811986428e-01 5.338815482071547214e-01
3.790073350505320793e-01 1.369438497710675051e+00
7.721172333028712975e-01 1.163788791454228422e+00
8.311973064219303486e-01 1.278011403394580192e+00
1.213018947345959608e-01 9.678896960949547879e-01
1.209849653384614809e-01 7.839949210104670829e-01
5.661400615747398390e-01 1.307374907001720654e+00
2.829450479870773139e-01 6.863175987351224361e-01
1.593504263290047573e-01 1.074749457917781204e+00
7.699164463030856442e-01 1.273988722869297874e+00
6.228576372667933292e-01 1.101874582103937517e+00
1.362080977731088272e-01 4.115534949718524516e-01
5.424604234657054436e-01 7.377213584570024851e-01
4.763665037174726891e-01 1.042753772310251570e+00
5.116547656611498684e-01 7.774269535093653039e-01
2.785161444537102016e-01 2.809635671606179885e-01
7.206299072915699488e-01 1.274097340863810324e+00
8.535142839464368025e-01 1.295881865400729804e+00
8.995376658126196245e-01 1.214401684547684823e+00
7.751722426202038996e-01 1.079991569797050133e+00
5.527131414815911192e-01 9.071897770768503344e-01
9.504967595565017024e-02 9.986555582171195988e-01
9.079867756365045395e-03 5.378956028799538602e-01
1.007897852939229066e-01 3.071552982603862336e-01
2.414610486803645539e-01 2.982476861258880341e-01
3.468860274013518818e-02 3.441326572150085195e-01
2.146212262406431703e-01 7.297177338076644704e-01
3.640019193977448442e-01 1.125536870840361692e+00
8.081659294464471621e-01 9.209673173797103818e-01
9.046600903716940367e-01 1.544181771722096919e+00
2.142663843382174305e-01 8.857688810430563997e-01
6.887440100530893838e-01 1.681640693415592303e+00
3.153080572665214465e-01 9.104376417474497885e-01
8.916261559441766016e-01 9.886207181063212390e-01
7.703926637069489214e-01 9.846122983901275383e-01
8.042325022655136824e-01 8.249087000944185233e-01
6.821524745129015077e-02 9.492749070611149476e-01
9.744998276087564193e-01 1.896054038262698249e+00
1.780039676716730357e-01 3.671243467274355465e-01
