5.546825513534627827e-01 7.891207378167749420e-01
8.199197887795690587e-01 1.264336415910684241e+00
5.487656282008827047e-01 1.255493511659285577e+00
5.274238656291716509e-01 7.264054168245542842e-01
4.273864075197664203e-01 8.584241046550583620e-01
8.314475575526003581e-03 7.591275748479429097e-01
4.671853757742283619e-01 1.099329595862683417e+00
6.503583673936994547e-01 1.100495246879963585e+00
6.022262798595980904e-01 7.066698137595034401e-01
9.693738456722393870e-01 1.725464950997574132e+00
8.255692352302221870e-01 1.718718917466530272e+00
6.571866659904673780e-01 7.662439917055856586e-01
8.813221214992117414e-01 1.730000642112294873e+00
2.711204621239547974e-01 4.777903589031490261e-01
8.039358079821491421e-01 1.512038283815729578e+00
6.642699249275725304e-01 1.002499762786317250e+00
4.414393363189050845e-01 5.591925473348782205e-01
3.053366393669040280e-01 5.286248706063685354e-01
3.737208662303534989e-01 1.335561910997902224e+00
6.155936556166531348e-01 1.586575366633364403e+00
6.548860723473919343e-01 1.262138599830796792e+00
5.444096210028871452e-01 8.679854641631586931e-01
1.504964025210731027e-01 1.131340579646530786e+00
1.959404050482271842e-01 5.712598334152555468e-01
3.779084863999300214e-01 5.835912921783658058e-01
6.974881184927730349e-01 1.135728807809826879e+00
9.191346109009157495e-02 9.315430366910139037e-01
2.677495149452367995e-01 3.684783421526025560e-01
6.823465758223234978e-01 1.163936957266893835e+00
8.650898579578955028e-01 1.523419476556470809e+00
7.694010644710228553e-01 1.320310857104513680e+00
5.653254967351695193e-03 1.780666798264899375e-01
9.072460604732510703e-01 1.343206180726250532e+00
2.740785950164685847e-01 4.207621174227583749e-01
5.647166455398081597e-01 9.072034807341140539e-01
9.637133035147872340e-01 1.170607173543915636e+00
2.264816406071780142e-01 4.347802612105755582e-01
7.037063575072690647e-01 1.325639329234013619e+00
7.600178763732969855e-01 1.273779153477250237e+00
5.102079906203227377e-01 1.283387656192417792e+00
4.033743034550563156e-02 6.240508324120933592e-01
9.931268062119044115e-01 1.207117307818240004e+00
2.546758470998612411e-01 6.808730622058007942e-01
8.870913810831750901e-01 1.652183941640299691e+00
3.734161155830693080e-01 1.332702522882316609e+00
7.053406087697885463e-01 1.330496557497242271e+00
1.930504071171303959e-01 6.534137892155066352e-01
3.375902741981156030e-01 5.361668984185333775e-01
1.289940533610145490e-02 6.323917883150582675e-01
8.482210029215996316e-01 1.067111801332418564e+00
5.038098847761193211e-01 5.669464162858995904e-01
7.631372939367919717e-01 1.206821714108587296e+00
1.749274107145382118e-02 2.302682367623122284e-01
4.628543478543907241e-01 7.386333597912440041e-01
8.206369803999759016e-01 1.436631137684809323e+00
5.703135713352915914e-01 9.697306627880201146e-01
8.854955024213928549e-01 1.342411313216926860e+00
4.289505759074166980e-01 1.405832454947880894e+00
6.209100273429412065e-01 1.176902451299634222e+00
4.738982378221806568e-01 8.686142462246179141e-01
6.613181542148840464e-01 9.820874452538371768e-01
9.137058525297494516e-01 1.229681365078974631e+00
8.318305808462508333e-01 1.765194179158370735e+00
3.145323078627966229e-01 1.300484257585571068e+00
9.913104239295811304e-03 6.886182436357133341e-01
6.250598501495053805e-01 1.334317766797692872e+00
8.399233462372843739e-01 1.236096357556316416e+00
3.562062244109351905e-01 4.434193672488563331e-01
1.238850043785412192e-01 4.502942746029909848e-01
6.361610478686914316e-01 6.769266818684642750e-01
1.126499418995301482e-01 8.704746139975143571e-01
4.672441487176342001e-01 6.414151498866133005e-01
5.221682482951295334e-01 1.149357617289617606e+00
3.068715234561908423e-01 6.526798898749119893e-01
7.487658331324076322e-01 1.518715368423790846e+00
4.826186346695102714e-01 1.100539368406489249e+00
7.820058189143007654e-01 9.030267750456041354e-01
1.741101160257582103e-01 9.738855714337147917e-01
9.029090009332808586e-01 1.208174947057404136e+00
9.695969009276828032e-03 3.165608935056779538e-01
6.679280795634647827e-01 7.973394690576065535e-01
1.382101369775073918e-01 9.846029765794747091e-01
4.314882587365943545e-01 6.849737850054827826e-01
7.632941299210542763e-01 1.283838513116290825e+00
8.501217321134102445e-01 1.739782887182803384e+00
5.865736024919804281e-01 1.094773675353246656e+00
7.334247670078866133e-01 1.286218008970227977e+00
4.171473924343437334e-01 1.311087480376649017e+00
4.164791483610452705e-01 1.136320188552680577e+00
4.930024344482055731e-01 7.960936951652369808e-01
5.781911048919313734e-01 1.102449969949065078e+00
2.736348516708529965e-01 1.233900129370966159e+00
1.285798241999620561e-01 9.142766346218965667e-01
3.657209626890932652e-01 1.339492617260695795e+00
7.752281206571853822e-01 1.684761327393172081e+00
6.078213952072442083e-02 6.609007537944555644e-01
7.988316070100011101e-01 1.703190220774011276e+00
5.794134102057530988e-01 1.107613061392610287e+00
8.754574590239978527e-01 1.576609379075909478e+00
2.892591974410700928e-01 1.275408443118072110e+00
1.749786685994549895e-01 3.590150889373235898e-01
4.421526082102491539e-01 1.149432984485326159e+00
7.175247303752535499e-01 1.132881211830564228e+00
8.157527259479817605e-01 9.574827164328214568e-01
4.521284815824945236e-01 5.124631876199096103e-01
9.490803128746592154e-01 1.657836481955097696e+00
5.488756884804759650e-01 8.246263670674290891e-01
9.873119844627358255e-01 1.821278741951622759e+00
2.618197308788823285e-01 8.817050753596819002e-01
4.079591033951364132e-01 9.993688229002120060e-01
8.065960208839554335e-01 1.515119534964941117e+00
