5.026169745220769869e-01 8.220399992167067849e-01
3.644066928337722500e-01 1.086261554587231837e+00
9.397443445748577817e-01 1.920900929887511710e+00
7.954733388440071717e-01 9.818569215446038001e-01
1.726699821716313199e-01 6.733788937815976539e-01
4.980257035875017557e-01 1.233245153949164230e+00
3.268106393948649879e-01 1.135673126663000909e+00
4.520315290789004292e-01 5.630791339210913238e-01
4.203000935696841189e-01 7.421073522643257814e-01
5.411301541593950271e-01 1.296589782617273201e+00
2.766376433757851139e-01 9.518236894507307033e-01
9.848526704261902909e-01 1.434996311232757726e+00
5.765839732075581647e-01 1.472298321073293170e+00
2.288429558490010507e-01 1.014369551440399864e+00
7.925452103956109884e-01 1.595573946951292843e+00
6.803609882727301716e-02 4.381265478640594679e-01
2.612261055537405952e-01 6.301419377399412047e-01
4.964867176130930426e-01 7.115990302797066125e-01
7.104138488989201194e-01 1.461565078900644910e+00
7.344415208253253224e-01 1.719656565008316207e+00
7.117777806604285162e-01 1.417213576497014405e+00
3.445961411245926920e-01 8.248755298869212549e-01
6.579892216500513591e-01 6.782597990791044973e-01
3.138634084717939476e-01 4.737046495126459034e-01
7.759976313033845052e-02 1.606260345175726245e-01
3.456078022362673030e-01 1.258605750244864874e+00
5.528515548185568562e-01 6.566177171108472654e-01
9.805460462643986741e-01 1.792955974402966834e+00
3.216938116319608687e-01 4.901905351578865755e-01
8.546042000316181886e-01 1.163170658655468426e+00
4.053668996123075408e-01 1.328261669180987870e+00
2.422890386499785276e-01 1.020716958162476429e+00
6.747343984484800439e-01 8.596463203379161033e-01
2.261189606600829682e-01 1.161725523597529897e+00
8.529948184790525634e-02 4.059966610618535032e-01
7.478567840126764121e-01 1.078124453933546167e+00
5.064087736177994570e-01 1.279328639994335992e+00
1.834590686641262014e-01 3.086531911893800606e-01
6.877172771468922363e-01 8.525592224245913675e-01
4.906913636512422183e-02 3.796166579430035881e-01
4.032852317181434554e-01 1.043014222964020910e+00
2.466552045092464951e-01 6.230206874263973793e-01
5.402864855370264063e-01 9.355506751167180779e-01
2.112017969229140757e-01 1.160937207698109708e+00
9.406398341850245037e-01 1.884715905118948154e+00
4.936024810980765842e-02 5.500067380027536812e-01
5.247645690710297517e-01 9.494100569396807243e-01
9.856847045637489035e-01 1.046297012659397119e+00
3.644508601669442793e-01 1.249708183664776318e+00
7.322306446506235966e-01 1.287106501776643652e+00
5.273769858884914674e-01 1.185086964948411481e+00
7.016729820848732757e-01 8.656569581894223431e-01
9.808656404935267581e-02 7.988579747732481584e-01
8.974633644682042943e-01 1.133677971886021041e+00
4.027523835258344231e-01 8.140915849156257211e-01
8.401709077774532908e-01 8.710811137270942917e-01
5.799066272133034383e-01 1.447523151437431377e+00
4.501727291599849634e-01 1.397475345780442524e+00
6.178811022575527723e-01 6.830407932369433333e-01
4.723594235791593876e-01 9.572180547521033089e-01
2.462474403190159089e-01 1.165175113430682696e+00
3.407867199977261397e-01 7.554520581523689327e-01
1.669761093462086565e-01 2.331923459158303791e-01
3.326075384844924265e-01 4.802689911641717657e-01
2.247134885883446120e-01 2.819833349711901027e-01
8.984413797742868413e-01 1.084773228166113324e+00
5.736667059761696441e-01 9.013636389817769601e-01
9.000984730891705698e-01 1.061314034398920247e+00
3.922918374579594802e-01 1.196829580406250093e+00
2.808270884170400716e-01 6.933767583546267543e-01
2.060263831861853800e-01 3.441192303825821863e-01
7.972043477474510809e-02 9.868277356513794896e-01
1.856561870302281259e-01 1.138779879307698639e+00
1.972782276417250902e-02 1.014941611993449122e+00
7.998382719893092352e-01 1.167966716211540135e+00
6.916822730972111977e-01 1.587878187217596437e+00
9.025658053190227514e-01 1.394592344299870001e+00
8.190752233602166532e-01 1.107759043173723645e+00
3.704071812181590762e-01 6.320626255637949997e-01
6.041740155063268780e-01 1.288320403422229976e+00
6.998943591472343018e-01 8.423528917573481767e-01
9.389533595354740969e-01 1.042799335602375033e+00
8.179105555524119886e-01 1.763955211891802266e+00
8.748515647751998747e-01 9.949611991330370442e-01
8.972608595600035652e-01 1.580661500154434851e+00
7.255404453094462802e-01 1.198165254649182776e+00
4.503332926033311034e-01 8.637827016865107232e-01
7.025509098952316123e-01 1.194408668792065198e+00
4.380464185001399224e-01 1.160483613658415791e+00
1.100787379508868513e-01 1.625116576088153630e-01
9.154139625834656346e-01 1.750893531121488600e+00
4.296275282211192703e-02 3.197129882297019554e-01
3.541687405691151813e-01 1.342310123879560280e+00
4.780578054056923154e-01 9.166041706324977723e-01
7.617472359857953013e-01 1.222870319004559336e+00
6.102478556109736108e-01 1.524507803458216237e+00
4.428486937819199332e-01 6.427561533980421515e-01
6.050728918480297036e-01 7.548093161902471593e-01
9.382504587890120318e-01 1.703363756840320153e+00
6.191821665749025483e-01 6.360035903299211535e-01
