1.236266805230032961e-01 6.407003175630587855e-01
2.316840241198283579e-01 1.191278810888190876e+00
1.985821704774257679e-01 9.284704308831713826e-01
8.319574642999807423e-01 1.178249319658033478e+00
1.263974015423726671e-01 5.693673469505838858e-01
8.961214918671750462e-01 1.130978431955206975e+00
2.954405467937877283e-01 3.975259393887566883e-01
8.113209559475403898e-01 1.458880092422812247e+00
5.416349838975222930e-01 1.482748131595964303e+00
3.637254242672609550e-01 1.249882647145890147e+00
6.858561597830625800e-02 7.292484684356657088e-01
5.030169888944857615e-02 6.983194216518643360e-01
3.794220331034209304e-01 8.908648306398221361e-01
8.408278487961725611e-01 1.670284910773352172e+00
3.029139365563712216e-01 7.258655332889328848e-01
7.500824264677258268e-01 1.028040996182305822e+00
7.486860386224866160e-01 1.428642275394446326e+00
9.857700792033486925e-01 1.470007289339160694e+00
5.636915255325944951e-01 1.034422762004029384e+00
3.437282194588198170e-01 3.509828045578112787e-01
7.372354876456060913e-01 1.113732249937686491e+00
4.330435253498062798e-01 1.394840139974170778e+00
2.796796402514198920e-01 6.842163259036663225e-01
4.553830260322074830e-01 1.002242015391225705e+00
2.143046244993704885e-01 6.197148418973570383e-01
5.644500144284014809e-02 7.415585526303940522e-01
8.357142220578657188e-01 1.417455272815284495e+00
1.434165918202350287e-01 7.129016533125771549e-01
1.782905106593255518e-01 1.092082147584124474e+00
6.086305678815040476e-02 5.912164656634681936e-01
1.235052039330685192e-01 4.947193072421989246e-01
1.274772956058061180e-01 2.322941222138510398e-01
7.131324041777346023e-01 1.269047269470056083e+00
1.252176946222349763e-01 5.707259030641776976e-01
3.307876744861240059e-01 1.191353430175482675e+00
7.304935708616522305e-02 6.715973553913050509e-01
1.678391886058642202e-01 6.605062412050390908e-01
1.636988224934388114e-01 1.059310445498921061e+00
4.454286300660729170e-01 1.332630844098606104e+00
3.749670444678563364e-01 4.316370781005089974e-01
1.327762439108685077e-01 2.412215481915830351e-01
3.236535885208663421e-01 5.874432663772145569e-01
2.190612825226853078e-01 3.076727040567686089e-01
7.063890351505408560e-02 2.956643162730022700e-01
3.348810153129462286e-01 5.819384327987285888e-01
7.718155704392970495e-01 1.474209553092452163e+00
5.107894662324219404e-01 9.471672819842188451e-01
9.271125621430853503e-01 1.051746707743677067e+00
5.671412199675439636e-01 8.700558239900656465e-01
2.253396521001493902e-02 9.964007233049083645e-01
4.512921509271827780e-01 8.063846663470549680e-01
6.760029577739276041e-01 1.080401480605082121e+00
4.475116753548540327e-01 7.233199265775557274e-01
8.055352838092506573e-01 9.149159756378847375e-01
4.704493219243696123e-01 7.948143703818975059e-01
8.665889296554456500e-01 1.225305365672591407e+00
2.312415351986286671e-01 9.989010945204668257e-01
3.608876443798050282e-01 5.244701407022877016e-01
7.704978187104971621e-02 7.142544496296572287e-01
2.189191801365897305e-02 6.655191584846084085e-01
4.360503280181451391e-01 8.399216860950734498e-01
5.277721985847543262e-01 6.797886040857133993e-01
9.936905816288768012e-01 1.313612581636362631e+00
8.719170207955365681e-01 1.377161825937260886e+00
8.640791979796502709e-02 1.122347192583308395e-01
1.641349403005950558e-01 3.715565568152968678e-01
6.890781083771932991e-01 1.305592302413502548e+00
6.672711806612979801e-01 7.717050202950402893e-01
8.642948601510888063e-01 9.538645112810556492e-01
1.362617274270842005e-01 5.909777533255329285e-01
7.060181192747415624e-01 1.534637827861120352e+00
9.279601145228433268e-01 1.353500351021520665e+00
8.679532912583864945e-01 9.885947780597293955e-01
1.529157361622865974e-01 4.957523497747485797e-01
2.392025892167352064e-01 1.051316416601158821e+00
2.814724270657164018e-01 7.313688934741869874e-01
5.952855744047864661e-01 1.052422649372684926e+00
6.055613856821827623e-01 8.835981953945377665e-01
4.474254227684929530e-01 5.685874982095778796e-01
3.680215809693634377e-01 1.017842411674361403e+00
1.056352945040442970e-01 1.020416113385583579e+00
8.546173444124320895e-01 1.487020946752255934e+00
4.271312031306039314e-01 1.026169718117021290e+00
3.906960382673116960e-01 1.227816939827685694e+00
2.095175995862230689e-02 6.364787244350167406e-01
6.612993802986538716e-01 8.005205385408326046e-01
6.541773716960648244e-01 1.653336964207893001e+00
4.199963422111240297e-01 4.411559634435892052e-01
3.100541604686742891e-01 4.283712885679439308e-01
7.931980702164054264e-01 1.659858257576846352e+00
8.478092956288385551e-01 1.474123787831408627e+00
9.664405224355453461e-01 1.618485951063512340e+00
4.507946302410369421e-01 5.326548557579779963e-01
3.571246887179901908e-01 1.014669926581178494e+00
1.616225887312491283e-01 9.641847668716532205e-01
1.432182636334066173e-01 7.828090444902794376e-01
7.057074339384272754e-01 9.235063928721642945e-01
3.148325087045008575e-01 1.229586902854754804e+00
4.612764070668357030e-01 1.189250639008070376e+00
6.083979707253996949e-01 6.639053012332688519e-01
6.150155883635991527e-01 1.060596442621555724e+00
6.376976616297769240e-01 1.180853678884264735e+00
9.716381791748665009e-01 1.564187024885247190e+00
1.293224697515138466e-01 1.728128335093040979e-01
9.854313843026020203e-01 1.037809103758670748e+00
7.826500742418648349e-01 1.679448905531727654e+00
8.674860613841129942e-01 1.798433515142312311e+00
2.154303530149375145e-01 7.386196652417158504e-01
7.726207488658196620e-01 1.063238749631624458e+00
2.517354889678080632e-02 3.555169776172472096e-01
7.595530316233208845e-01 1.554643945286157791e+00
4.152308793747079285e-01 1.356214008833473539e+00
4.788490887574762267e-01 5.825847746881032130e-01
