8.120257011713417628e-01 9.062796980021927684e-01
3.189284603543280916e-01 1.314321505863972117e+00
5.371146462004711131e-01 1.504004294778736206e+00
9.765381582309773378e-03 1.139415094301277076e-02
3.058009245370537643e-01 9.416837722293849300e-01
9.504084319355939892e-01 1.097911884437123398e+00
9.166364121204765292e-01 1.131513904118667480e+00
3.179833305542215660e-01 1.058381575112839590e+00
8.511405896607804333e-01 9.598549989269619109e-01
2.351912077717506211e-01 2.965773259991397737e-01
1.866009524644309803e-01 8.288858122321631772e-01
9.054607420570884857e-01 1.280843072341658173e+00
2.489254895435475401e-01 3.182827948997264400e-01
4.299898974700622212e-02 4.538920038091265319e-02
9.428804010196918384e-01 9.776283347604848295e-01
5.989580089458999002e-01 1.112607555884976840e+00
8.832612109172285342e-01 1.315297030573664872e+00
8.128378462554199935e-01 1.675737383194318975e+00
6.503212007910124104e-01 7.142004723684836076e-01
8.659193123225924493e-01 1.205233228186787242e+00
1.132070095306809687e-01 8.733942541290392603e-01
4.911196561311337305e-04 3.046708571425881251e-01
1.242264253008806829e-01 1.704077397665110238e-01
3.772835413284174599e-01 1.120849891724791103e+00
5.653817556047926463e-01 9.070239968737260350e-01
4.845130516514917218e-03 2.863859767404219880e-01
8.998385727304125670e-01 1.040952466757502082e+00
6.654294539955809551e-01 9.659726269174497837e-01
4.415983772347964464e-01 8.523596052646417176e-01
8.095357362269284263e-02 5.402640298487219050e-01
1.222662099507865197e-02 3.825198721880277430e-01
2.165870173333372950e-01 9.611247028803002745e-01
2.762718138453452710e-01 1.272715947988463547e+00
7.476614963477418163e-01 1.404182407480539574e+00
4.350626239965121878e-01 7.618012814988971426e-01
7.108156944665054988e-01 7.699375893789113245e-01
2.960798003325867400e-01 1.288502320810449353e+00
5.136590868837601631e-01 1.012477676093483936e+00
9.980049959832452133e-01 1.348656438275911640e+00
2.229704203468753088e-01 9.720751842478112525e-01
5.391941192698138652e-01 9.383299533156979066e-01
8.014296416621738972e-01 1.664381085493618073e+00
5.916346572924167102e-01 1.188970600057416949e+00
8.009558272848171789e-02 3.636206011755468426e-01
3.125702074526631735e-01 5.885946485119144533e-01
7.176870022895482926e-01 1.402392551493105710e+00
7.053403925599172064e-01 7.670988194615632194e-01
7.139713834936617376e-01 1.259190110258517903e+00
3.005038512972729725e-01 1.239056441576962264e+00
6.376707896188967828e-01 6.422620228052192681e-01
1.847661253190491237e-01 7.538029900985149245e-01
2.631762997211491983e-01 6.291150200256327985e-01
3.246498509705486590e-03 2.031534764532096915e-01
5.215310024858665905e-01 9.396926341918204750e-01
3.554605492804278066e-01 7.196047845347410821e-01
4.868833059748162162e-01 1.085411463340625549e+00
6.367138454198514319e-01 1.588100569100852066e+00
7.709949422881756664e-01 1.701598133390745726e+00
3.501692365838444676e-01 7.997338075636095667e-01
1.985750727853468067e-01 1.067274278068019555e+00
8.585243380704521421e-02 2.388784515399297037e-01
9.187133760976562424e-02 5.133555956677154919e-01
1.212892350922133433e-01 3.747233603160503579e-01
6.105867911053697306e-01 1.431160621825346979e+00
6.147885446284773181e-02 2.662111101744354391e-01
7.500757951610963481e-01 9.391399306684061754e-01
1.933306012156477127e-02 9.434308499469475917e-01
3.699441250826526195e-01 5.120112339650763067e-01
6.343372916009072382e-01 8.118364240498420203e-01
8.007240771826039660e-01 1.436182602442078071e+00
6.316711740963955046e-01 1.162985688016665575e+00
1.749909662572870506e-01 7.911864252909009965e-01
1.385987433772484234e-02 2.091948885170316075e-01
6.436456771650407305e-01 1.013638535974345611e+00
7.920115839733075092e-01 1.664340704076861854e+00
8.041755100664719214e-01 1.215228990185263092e+00
8.607173333200035525e-01 1.468298713935348720e+00
8.865597532508453504e-01 9.908166015288685236e-01
7.294174475003205593e-01 1.602785457558906224e+00
3.506796668103059345e-01 9.298071798274724076e-01
4.369216512286089316e-02 2.187780440522951730e-01
2.560217034202822983e-01 1.078353964593521841e+00
6.986567579649028970e-01 7.632338165197174451e-01
1.760912961124784237e-01 8.874917579252152855e-01
5.291377847811911117e-01 1.149796855832843967e+00
7.019634109339123462e-02 2.813186981275661580e-01
5.416786448618314820e-01 1.296547272253194549e+00
1.941047906156894154e-01 8.893090141254348380e-01
3.526366366306828981e-01 5.487624627565795832e-01
9.236421156609313510e-01 1.281054220324922666e+00
7.746287601680539314e-01 1.487783322143898523e+00
8.510698836457458727e-01 1.614152844758930172e+00
7.845567896446501432e-01 9.477629772076371362e-01
9.246484415668605461e-01 1.792045509066407361e+00
5.439687620606330487e-01 1.141937434774749516e+00
7.992042280368605311e-02 3.009042639564434296e-01
9.445759579343315782e-01 1.593003314318505836e+00
6.321274645681083104e-01 7.048556372549147353e-01
1.816062643670698362e-01 8.500677813080990131e-01
6.351564866381895769e-01 8.703269425024783290e-01
8.462212197397388502e-01 1.313995318772335663e+00
5.559197538396839500e-01 7.828605733061360095e-01
9.959142362680674099e-01 1.572609046647355457e+00
6.388027296834277724e-01 9.215679002031561540e-01
3.630075243490880066e-01 5.233513736976596054e-01
5.513429432915541994e-01 1.066723453201838367e+00
2.695786553075483205e-01 7.839140462133756815e-01
6.055922250712458821e-01 1.463251446913559572e+00
8.384208048902949129e-01 1.391208291984710854e+00
7.809150698171958283e-01 7.848753237251228088e-01
4.870740984951799080e-01 8.791497146241138427e-01
8.131745105120823380e-01 9.959209840561480398e-01
6.088347930716087042e-01 1.127201603224802451e+00
3.877061523510935137e-01 6.801365213201302495e-01
7.876157588977833468e-01 1.404924121646306201e+00
9.201761095893595810e-01 1.823187237900737667e+00
