3.520144879678832606e-02 4.308381547237427611e-01
7.939856169583761059e-01 8.859679286889856620e-01
4.688899926616885150e-01 1.220970044850613778e+00
7.746531621632889442e-01 1.195804602688898655e+00
7.003468727816358763e-01 9.700640806154100515e-01
6.543981078426621689e-01 1.343516783624971289e+00
8.339538706745609487e-01 1.040159337281324925e+00
2.384084505810829535e-01 8.279307715170839410e-01
1.248289334136445383e-01 2.168791464569653771e-01
5.752591569504238445e-01 9.016779411661666188e-01
2.846839902927194021e-01 5.623370287342629448e-01
8.533850523678765398e-01 1.298384283180768595e+00
2.164930940397961079e-01 9.108246624158915505e-01
6.476092069608143653e-01 9.821401087475205571e-01
2.580534583920595093e-01 1.028140674592723958e+00
3.784274321643403827e-01 9.337405235136639892e-01
9.414605473742373443e-01 1.344292007656533006e+00
2.692258014889397089e-01 5.290047862634987830e-01
7.699594499971554873e-01 1.614417951891445213e+00
1.693561098025351264e-01 2.572904527619518378e-01
3.528968687943606630e-01 1.168979653963503118e+00
3.757741458564026749e-01 5.677380743201154711e-01
4.197662468259766300e-01 4.659940989684441259e-01
6.158076460996853019e-02 1.627266303769634437e-01
6.876768037026321778e-01 1.046453005297355521e+00
2.064042382390854913e-01 7.105750626443531059e-01
5.947976309894972280e-01 1.007736335375492898e+00
4.450973195459272391e-01 6.997381512025587780e-01
7.844057346454604840e-01 9.189186367722688153e-01
8.641449464221925281e-01 1.283615043922230026e+00
2.070975490292736865e-01 2.848754659679383350e-01
6.611337849711941272e-01 9.070233540311947174e-01
6.146196611616351335e-01 1.585692376973666828e+00
6.416009994031266483e-01 8.848653544518843006e-01
1.150717134103570460e-01 6.247290901524368278e-01
2.199400702888965053e-02 8.689122942579841080e-02
7.141888513470828759e-02 4.826899345318094170e-01
8.051258925257483989e-01 8.924118822362073766e-01
2.997182248673920801e-01 4.556544434571893065e-01
7.573949911196367069e-01 1.094052397890172168e+00
3.245020106355973599e-01 9.901174601143214460e-01
3.056972711088982164e-01 1.114495152194226346e+00
3.522057905327402594e-02 6.732698261526788297e-01
6.350292693893240248e-01 1.575244368126606620e+00
2.703316195464375848e-01 1.144470643688055844e+00
5.393579616419507117e-01 1.358089634021738323e+00
9.135516416260037742e-01 1.754112821872278349e+00
4.843001200221597191e-01 6.342159216670629762e-01
6.031962856806366569e-01 8.451272432933838452e-01
1.742339297325066205e-01 4.747308877437168562e-01
2.971410661097328987e-01 9.175919677433986843e-01
2.134024285492506223e-01 1.113101907370736665e+00
2.923777361304739086e-01 9.756019546236629481e-01
1.365832410675510422e-01 9.778558828851905416e-01
9.574771298054949309e-01 1.041924612718396093e+00
6.244751466117774985e-01 1.539015252763674013e+00
2.765212431207910715e-01 9.985961335326702937e-01
2.848429842201595230e-01 3.224948750836662548e-01
6.291389825315157891e-01 1.414229322807874389e+00
4.680317528009936279e-01 9.138942585217172399e-01
3.208864162966884592e-02 1.202728826839658538e-01
9.829917175877997959e-01 1.767954240109123054e+00
9.148879881348197518e-01 1.701630123084401980e+00
6.126073926091101240e-01 1.606220316421671956e+00
6.907313990648833446e-02 8.967858691911001490e-02
5.760141118632599033e-01 5.986016397730736793e-01
8.852474743279696856e-01 1.589007389035858697e+00
6.476738367834129484e-01 1.338527864118244093e+00
1.766962671565817100e-01 7.650672095235574455e-01
9.674110251256452520e-01 1.499691769427895283e+00
8.128420784956025269e-02 1.575219621740111542e-01
2.440181681972364292e-01 8.123443435678349145e-01
8.520413783353174564e-01 1.211863207397815501e+00
1.443222209556942470e-01 1.105446835822109231e+00
7.809459744078959265e-01 1.637364575739061578e+00
2.343028078809501480e-01 1.220620174863953356e+00
4.030524178034314842e-01 6.416478512525150002e-01
3.703063220426950908e-01 1.119260282105135174e+00
3.224183580306309027e-01 8.016482586144509925e-01
1.861698414170565030e-01 1.018892859915531357e+00
4.479197878890764928e-01 5.534259295400516532e-01
6.391075707387953164e-01 1.625087113900371749e+00
7.653999847738957030e-03 1.536373378576969539e-01
2.784623447413937525e-01 1.052571355649577267e+00
8.247276561421436059e-01 1.012972253780600962e+00
2.350123831188959400e-01 1.072956780014016509e+00
7.231865956512678606e-01 1.238196680294935570e+00
9.225220947904428925e-01 1.004809222755258968e+00
