9.558063789821772405e-01 1.655912934170643558e+00
5.347692439395258512e-01 7.769103094338323245e-01
6.206052543722373471e-01 6.765161691970215108e-01
6.532430277808792818e-01 1.562242906233626272e+00
1.269659855068971943e-02 5.307298795257275881e-02
5.736036439431750900e-01 1.294130742575752890e+00
8.682882539786660470e-01 1.154158635749341411e+00
4.604689914635029524e-03 3.375344972705274227e-02
2.180242687692244274e-01 7.544445301516420344e-01
1.337475260222592555e-01 5.123906241252094151e-01
5.951773665872697183e-01 8.902341978933083766e-01
8.325788937480760321e-02 9.199498623085266003e-01
9.429257933076748976e-01 1.115538172562329233e+00
7.135639540191379693e-01 1.352760437381673286e+00
9.430172491988534356e-01 1.043590461989269080e+00
6.712918849399837073e-01 1.337682915216311219e+00
6.296831973288067319e-01 1.312575636394068379e+00
8.141308996291404254e-01 1.064116720149745898e+00
4.068532301094810455e-01 6.859611050590428416e-01
1.455139405734746649e-01 3.494743648029817740e-01
3.029047512029829914e-01 5.640582000457261547e-01
2.578437063357063019e-01 1.099288347755161155e+00
1.561195522975741268e-01 6.000118463555801362e-01
3.493270098815907110e-01 1.078901315773189040e+00
9.672866778719946268e-01 1.410957819861254237e+00
1.673589076914673290e-01 5.717866143329926043e-01
2.559479792769057127e-01 4.283623686369607553e-01
5.821243720769121444e-01 7.771592287309280200e-01
7.220922778240753681e-01 1.342288154509190257e+00
3.326376320989001822e-01 1.226056501171006508e+00
8.688905557898033427e-01 1.372384890269654711e+00
9.217004351068611712e-01 1.846873321061737183e+00
3.403822120757116210e-02 2.426178937852372375e-01
4.724780485013524434e-02 3.555381774584723820e-01
3.971969021162470304e-01 9.362049863846784170e-01
9.458130189864448756e-01 1.880887743048028860e+00
3.813674781719970097e-01 9.668048936864348519e-01
6.371249567541662495e-01 1.053040291281406304e+00
2.100761228668515113e-01 7.862937708743544807e-01
5.040004950737183576e-01 9.556441856481839858e-01
1.275208296483516524e-01 6.961275588043163154e-01
9.151287890785071433e-01 1.821447139835079998e+00
6.868212986519162122e-02 8.774707937677846958e-01
9.883321238519142682e-01 1.757478689279540651e+00
8.961153979669199687e-01 1.662162330041637492e+00
1.610409331031753544e-01 1.637243814855221524e-01
5.718622142648044360e-02 6.905086395586311765e-01
4.779637401799832208e-01 5.722571428706069163e-01
4.379366496035252965e-01 4.988807244764046356e-01
9.122202801486722912e-01 1.264709942839006729e+00
5.050305464417385037e-01 1.486832843615566002e+00
3.641332973388103911e-01 1.158424498527687696e+00
4.996734618259426330e-01 1.064913633530628179e+00
6.268702588109222873e-01 9.980351384352068589e-01
9.886582250903763747e-01 1.648929786439844669e+00
8.311974523338245824e-01 1.528385108837080564e+00
4.191799520939337720e-01 4.419489650895691568e-01
7.308603696718741771e-01 7.452129343939078998e-01
2.314663499335379848e-01 8.129721961658846752e-01
4.402734531747776181e-03 7.396500556230345413e-02
3.640619969621330387e-01 8.332520851283414798e-01
5.572021296198610418e-01 1.485705410962500306e+00
4.834376570857958910e-01 8.225824859428559899e-01
8.669484420035422634e-01 1.351370941280771287e+00
4.441446363387663299e-01 7.795042886414913497e-01
3.649763009289456184e-01 7.421293300249325320e-01
3.349139615966640893e-01 1.280497782985609678e+00
2.080405100177842304e-01 8.560867151836953903e-01
6.289668352491953884e-01 1.337481856256492296e+00
2.337608307050690337e-01 5.028487651943572834e-01
5.946730021576890346e-01 1.187336390854880852e+00
1.981555437573397915e-01 2.207856538605474928e-01
1.557831558082987122e-01 3.238540929173966409e-01
5.124302217274547822e-01 9.838484067256999532e-01
8.445256572387539462e-01 1.367177563376369864e+00
9.896015316076498536e-01 1.092056015559045967e+00
2.612071173447556571e-01 6.623508894757401677e-01
2.919126836962729898e-01 5.641814472630417576e-01
6.233888491291292855e-01 7.808570972284673006e-01
6.120242440571431741e-01 9.145821753154298461e-01
8.530401400391295352e-01 1.234169502696096599e+00
9.655557260361756766e-01 1.573206630527687722e+00
4.557386208577351994e-02 8.604606537460792737e-01
3.436827338849599567e-01 1.324257749277768959e+00
9.774549092743786138e-01 1.424771515543915568e+00
4.738166852819195585e-01 7.455551615201401194e-01
9.110592378276454184e-01 1.406932110781371037e+00
5.101234271224555084e-01 1.056418486187510553e+00
9.608219574131773300e-01 9.712158125295980993e-01
1.827267303721635816e-01 4.784996807219183967e-01
3.906400841495134557e-01 5.066259491606636134e-01
1.231237704804233335e-01 4.573421067813663310e-01
7.877837692418407922e-01 1.280123482023817871e+00
9.714565227597589114e-01 1.597153665551886537e+00
3.185192992582486227e-02 5.093755809242580535e-01
8.028040631319635079e-01 8.762056185742712611e-01
1.683365160827885454e-01 3.934276639551317345e-01
