3.261426147089374616e-01 4.132613125045180302e-01
7.384270050678103381e-01 8.586757634422129692e-01
7.870505166055419277e-02 1.640236430937545009e-01
4.529845084378260056e-01 1.224960645503011758e+00
2.075419706423468069e-01 6.175711805135346566e-01
3.890275277839951862e-01 7.744881944056444256e-01
9.595547242833725177e-01 1.921807378651481102e+00
1.285277290905416647e-01 2.488618692568514978e-01
6.346720266382133158e-02 4.441390874007011824e-01
7.722342535840681643e-01 1.324649659420390702e+00
2.518632257766595384e-01 4.020273841881124577e-01
4.771396924295848718e-01 6.459500889308166238e-01
5.139713041231068757e-01 1.389846052741122939e+00
7.665226468423895767e-01 1.375312279636573987e+00
8.617227674600994591e-01 1.074654394924126510e+00
2.134609450725991620e-01 4.103214204971884493e-01
7.084958903548478348e-01 1.002012935232470259e+00
3.537811663189094347e-01 1.205457948481367225e+00
6.267944049627421910e-01 1.485950530510866452e+00
6.353157533015052483e-01 1.306908775855595728e+00
8.402556644754984871e-01 8.576295053107877431e-01
8.690982658867648647e-01 1.111472018050431387e+00
9.008021178275210650e-01 1.289313170510081763e+00
1.618707796684129008e-01 4.134685258696374488e-01
4.276967264930964241e-01 1.095960984333429256e+00
5.007787921074104975e-01 7.791865363439774983e-01
6.127335612858687552e-01 1.418141131901444307e+00
8.493502010271891667e-02 6.299454708355135546e-01
8.102170840281495146e-01 1.375493668489185861e+00
7.456578780475925372e-01 8.795857849033629217e-01
8.611285230526671830e-01 8.624926596862377837e-01
2.413901352784048049e-01 3.680395014822871458e-01
3.040235056288238535e-01 5.143151529449900838e-01
2.034702353225134042e-01 5.763048109655662943e-01
8.037266493963041158e-01 1.792965872063899457e+00
2.495246840351651452e-01 3.549549740148402188e-01
7.431691373145252744e-01 1.639970276619048484e+00
2.918825454856980306e-01 8.787439785645997370e-01
1.889801029843565239e-01 5.871485576520916183e-01
6.393925031117448921e-01 1.254275413689616370e+00
5.216773670985619393e-01 9.590405921599106653e-01
2.967181279805179983e-01 3.749103887208972141e-01
4.042515649203920480e-01 8.159103826705079721e-01
6.825601674469418123e-01 1.350364087299515958e+00
5.618949940138969756e-01 1.139430770738369958e+00
2.390313671480824853e-01 9.730209849518171028e-01
2.840376563481507022e-01 8.493978798699299837e-01
3.041415052784754991e-01 1.266352811522012400e+00
2.314471615698394658e-01 7.175392889356569937e-01
5.376168782789962908e-01 1.168414182995352046e+00
9.354453502655003527e-01 1.284844498567731419e+00
6.142635663999836959e-01 9.164069509545025305e-01
9.779446687543769112e-02 6.227827199436084538e-01
9.431429554328631948e-01 1.916717597770618786e+00
9.458544725102741024e-01 1.008833670370306912e+00
1.862861524588698137e-01 8.872589131190400380e-01
8.674226873121944070e-01 1.119905186861319013e+00
9.072905192089261162e-01 1.851359311815884423e+00
2.307725044172080908e-01 4.657852681300513886e-01
5.727115950842585068e-01 1.290971323270845739e+00
4.259537230668622998e-01 8.267935969188254797e-01
4.849188474693414408e-01 1.101738856353464246e+00
7.065247183028268152e-01 7.963542364555227238e-01
9.350598478483204135e-01 1.708370486003964572e+00
5.492194173298722282e-01 1.428623051453424608e+00
1.007769082822126405e-01 4.655144698208036891e-01
4.012569022536099927e-01 9.564847447972061323e-01
5.305707000006535390e-01 9.133621335185651002e-01
1.076751705128028425e-01 1.042608724301296697e+00
3.470768603343322711e-01 9.755092337379981382e-01
3.405242187072340387e-01 1.278087815229874691e+00
1.055219382751848567e-02 7.405770413358738757e-01
6.330174527971091925e-01 1.054156418902234993e+00
6.859026741974583175e-02 5.705447878514970927e-01
1.277151786665684519e-01 4.952505470464128035e-01
6.991421257343500839e-01 1.429140641339290196e+00
5.414275593147401811e-01 1.513835375957311991e+00
5.727587344992278728e-01 7.156064092446999814e-01
9.484292775831263400e-01 1.045167908227428111e+00
1.158761423694736337e-01 1.070684579841141293e+00
4.915840181260273667e-01 6.662920019958363804e-01
6.637837624051240448e-01 7.940643707578175503e-01
2.908995117335462233e-01 4.004404337878019193e-01
6.215613353446558520e-02 8.133129287874445446e-01
7.518063662658875934e-01 1.228522392565954302e+00
5.136540486852475551e-01 7.771105474918628131e-01
1.609232791707515542e-01 7.831230715682233612e-01
8.088238695471142714e-01 1.118240507885389645e+00
8.031055645379812091e-01 1.078045476777522715e+00
4.200587836475342396e-01 1.161997647736131789e+00
