6.998209389311815798e-01 1.681545655438289932e+00
7.399552644585623007e-01 1.734689284174067758e+00
1.078716139356964421e-01 4.145491604381751349e-01
8.992696023042492381e-01 1.373493259247086318e+00
7.622968646696414163e-01 1.213281706064844201e+00
2.333664720847867802e-01 5.539727051408299685e-01
7.478403152714618862e-02 7.975296870082893008e-01
6.761794907800139365e-01 1.337498723095787545e+00
2.880625793009963242e-01 4.404619500808307775e-01
9.453584323380189725e-01 1.879921182095129595e+00
7.880981711287170510e-01 1.680540243193829220e+00
8.438353188448906028e-01 9.735753463290561793e-01
3.665146138230004347e-01 7.927357358259661257e-01
6.396650159057590823e-01 1.404477577047224424e+00
6.610911982184445312e-01 1.077117163659255805e+00
9.982009828943401164e-01 1.493715784227117815e+00
6.091839869379451766e-01 8.717767062753198903e-01
1.908465030566395271e-01 5.861934997966157246e-01
8.067263427787634278e-01 1.423686270308050172e+00
2.291071999903057099e-01 4.219436174284589836e-01
3.548022870479826674e-01 1.026517659374577285e+00
2.110918307927833748e-02 7.944793405249789275e-01
7.454611270961024605e-01 1.414490886934274938e+00
2.836914783413303498e-01 4.887405096726373799e-01
7.610497540172219688e-01 1.040235700926196216e+00
7.668668817181112374e-01 1.726496687482683035e+00
8.159050989534186726e-01 1.374963911073451950e+00
7.924616122709151611e-01 8.673711892497512066e-01
8.983716496229422477e-01 1.582692941743837567e+00
1.650882994430313833e-02 5.260076236721111798e-02
8.380848775854010668e-01 8.722562193983540713e-01
5.109974188147814456e-01 1.372806917951419958e+00
6.734001763094178417e-01 1.030423539173234815e+00
7.704874971262573036e-01 1.434457981472763821e+00
1.003340594191370894e-02 2.591329932689928617e-01
7.548911940128502085e-01 9.018216453819362100e-01
8.096041605233439409e-02 4.142885801899476306e-01
9.545193834494644092e-01 1.653244514603781745e+00
8.813685222867194691e-01 1.320612406149749063e+00
4.889597658649594836e-01 5.809189304246084040e-01
1.123018922666335628e-01 2.633766494895289911e-01
8.299522257149027915e-01 9.324835551329838657e-01
4.089505554793703146e-01 8.150861645973481728e-01
2.793651551706046732e-01 2.854630595824723116e-01
2.624263365954727645e-01 1.139744434538132456e+00
8.553768348436897595e-01 1.599544629738816948e+00
7.144574448846791048e-01 1.004943313692308937e+00
3.057069534307080838e-01 1.186640117874389722e+00
3.720469153949428343e-01 6.891204093036787937e-01
1.941547586268689285e-01 4.698155926579007380e-01
1.133662858893965675e-01 3.999762623510234594e-01
8.233679461800892385e-01 9.049689105023209779e-01
1.505197698076724544e-01 5.952933989548162552e-01
8.184127229187578845e-01 1.320282306528652638e+00
6.572048098122924564e-01 1.192711063900059987e+00
6.645033616358032580e-01 9.672305451946522359e-01
3.618360995106890687e-01 1.071206748446471568e+00
5.335386211296151426e-01 1.296637994159324458e+00
6.342267753146444420e-01 8.046644571286640790e-01
2.284379804507219447e-01 5.371149684505764910e-01
5.810409475556543857e-01 5.890209468960034833e-01
9.181998064328278364e-01 1.680416638641395899e+00
8.677016980351215381e-02 2.018314284253932556e-01
5.281411359806782446e-01 7.158655858482694256e-01
4.389780916856179660e-01 1.145443415241206964e+00
6.773048940434563958e-01 1.291271740197303064e+00
4.831545597606086151e-01 1.017452107593840083e+00
3.719009585465571366e-01 7.924197322699949586e-01
4.654913518909897796e-01 6.879308715429270915e-01
3.947137054306506521e-01 7.533524789012594480e-01
2.331786477658717160e-01 4.446000145047037666e-01
9.945937541636472590e-01 1.165320968304893956e+00
1.330997379777320022e-01 4.221320120565270617e-01
6.056045295639383985e-01 8.365492360715162112e-01
8.947641605940120924e-01 1.198911260364381226e+00
1.538419278823233149e-01 5.790814467531614218e-01
8.195934097027026688e-01 1.178143125188265916e+00
2.603647011478096296e-01 1.069305946216993597e+00
3.013329145965721878e-01 1.238884632739591485e+00
7.702250854639149935e-01 1.566404634344633617e+00
5.906184049450787787e-01 1.392472743237671118e+00
9.950627311327294722e-01 1.013286475075981130e+00
5.540601489217830133e-01 1.050577308997797665e+00
5.318403085416169018e-01 5.641946856742234839e-01
3.645271880913414364e-01 1.153432165551762090e+00
6.725901127328069995e-01 1.264694646022746838e+00
2.567181859276689293e-01 9.350872641823531062e-01
7.388829887278437480e-01 1.256469133170800667e+00
8.175851044779207655e-01 1.305992368854350882e+00
6.234144006252173575e-02 6.233405503066414832e-01
1.550325878694840398e-01 3.991430769410116985e-01
6.736403158028616556e-01 7.808575044987766667e-01
6.212203608436771551e-01 1.491590738887837553e+00
8.892341381977613146e-01 1.312388719384290026e+00
5.101534731007768553e-01 6.577826749244110038e-01
5.107790539571477328e-01 1.130613170734630302e+00
1.584278957363483009e-02 3.784899368060539171e-01
9.364756746148681366e-01 1.645160030068843593e+00
