4.451868374440326459e-02 1.040916357216369992e+00
5.189769220686462070e-01 8.803080572927759473e-01
9.153468483041787840e-01 1.058869934620731090e+00
4.079524046969092987e-01 6.695842609361483122e-01
1.990328573792694566e-01 6.382035654209368136e-01
2.151326196566116788e-01 1.036099835558632609e+00
9.704422411198454501e-02 5.732680364606556056e-01
2.134190878385722190e-01 7.997195807143498980e-01
5.501414771301074147e-01 1.518788615780437112e+00
6.392016519386611861e-01 9.459287156770926908e-01
2.292698464798369473e-01 3.239368598963435764e-01
9.567622286956434241e-02 9.417329828476199705e-01
8.218184352904722711e-01 1.777895230761962875e+00
9.235613114745896413e-01 1.744338440024750803e+00
6.370583632838308086e-01 1.220951794472481478e+00
3.962985372750730262e-01 5.405674231065341617e-01
7.548127375541042738e-01 1.052520162514135382e+00
9.593253096838764149e-01 1.626067703266838915e+00
2.604504577070038129e-01 4.388748651550427038e-01
4.719383171907556296e-01 7.251502092685231382e-01
5.497476687420617125e-01 1.116956876763452566e+00
7.328554298701006608e-01 1.533106324567425460e+00
1.772250664858548985e-01 2.752612449716655973e-01
4.574637225088802328e-01 1.009221053675234181e+00
4.266407382165084972e-01 1.285004737819158471e+00
8.145383171162469127e-01 1.718657988352961796e+00
8.466666807637723835e-01 1.649831092004530486e+00
1.639568022645728762e-01 7.292713161941469791e-01
3.908994419942997123e-01 1.332467322260809883e+00
5.052584626312908167e-01 8.676065087302436973e-01
9.112841137966040117e-01 1.158779333440719483e+00
8.397277551329074274e-02 7.395220501896753174e-01
5.993127310962734766e-01 6.005134650960290976e-01
5.870078019618564236e-01 6.632304454129052118e-01
5.467595020287525642e-01 1.012269421589816254e+00
4.571960494870012104e-01 1.360601457796618341e+00
2.147314027054254559e-01 8.492567012755255496e-01
1.379203182898440794e-01 3.933028668677223116e-01
3.190516772139639912e-01 8.318810253099898633e-01
5.003061010245207774e-01 1.107636584773063593e+00
5.464966040252497992e-01 1.178989788899335700e+00
8.767316502490904995e-01 1.874652204507570197e+00
8.821360819514634244e-01 1.368424347200683844e+00
6.564224910623760456e-01 1.128089902313685222e+00
4.041081080320665375e-01 1.152131754797631080e+00
2.579193407916224867e-01 6.410234870202016211e-01
6.243500417633682797e-01 1.052497792298681789e+00
9.419742237194438372e-01 1.480570289997263478e+00
3.048563006020552635e-01 1.010647734548703713e+00
5.299584432431873049e-01 6.133573761919679512e-01
9.488811698417454199e-01 1.410164966887333948e+00
2.521955958378069296e-01 8.833012340710633126e-01
5.944791366700552526e-02 1.003620966396654435e+00
8.411161013285819443e-01 1.745397044304604517e+00
6.356664900362967163e-01 1.625409612746599564e+00
5.417775739086606590e-01 7.677937432916732696e-01
1.225681518274168713e-01 1.106342776820019580e+00
1.590477647904086078e-01 1.601807041872768123e-01
2.991698157408512193e-01 1.002752936733418032e+00
5.034796700297328176e-02 1.302045774005463619e-01
9.736177084581592034e-01 1.800535397897269796e+00
1.152002331584355277e-01 6.906336971627816679e-01
3.222453223813219747e-01 5.073201773032375295e-01
8.583790290347677043e-01 8.615593794926413862e-01
8.001658382514101886e-01 1.516167546348398565e+00
5.980778582202744831e-01 1.438871816777983481e+00
7.355878199320402544e-01 1.081050218519031603e+00
9.452002773396922519e-01 1.804596874232645476e+00
1.753778774504369808e-01 7.941853758822646769e-01
4.116017539431714445e-01 1.389275621671905103e+00
7.691431685552059250e-01 1.016453554744620957e+00
2.564719686548551092e-01 6.818482751084606885e-01
8.459244734070302529e-01 1.385926439304975499e+00
3.924113922764576046e-01 5.064058196551759483e-01
5.341369903487913628e-02 3.219163598563821171e-01
5.857853008607782908e-01 6.579357492456494594e-01
5.340976282758947979e-01 1.432151122414799804e+00
8.720471280023506244e-01 1.283665613690890828e+00
9.789759303129500490e-01 9.837973009359370913e-01
7.740305630079785670e-01 8.820320295870177629e-01
1.667670617233651953e-02 4.251180798650706638e-01
5.406980067823021763e-01 1.223509378551239646e+00
2.737417293278673336e-01 1.213553948813608452e+00
9.459127957005331044e-01 1.159441718612236105e+00
1.148363002893096896e-01 3.321266398619127092e-01
1.834450167681476174e-01 1.868999702194243939e-01
6.592329723950172138e-01 7.670196812445644330e-01
5.226698266691175432e-01 7.212140947890766096e-01
5.300417140133915073e-01 6.972347610439501020e-01
6.501333268677790267e-01 9.477897436273495790e-01
1.487179489292260737e-01 1.081338362218717153e+00
9.701216308936840838e-01 1.201193946174994087e+00
2.518185893612837623e-01 5.579216939144068244e-01
9.688071200219936507e-01 1.383528705783833912e+00
1.155161490838740868e-01 9.642494379644179769e-01
9.452124328625305383e-01 1.351513713387392901e+00
8.384161757525373515e-01 1.704210805797886641e+00
4.112981012403085224e-01 9.223340575752710935e-01
7.682565826191842806e-01 1.234185170379601848e+00
2.140644788788151898e-01 5.069572322087413374e-01
8.101942149424439243e-01 1.714906593049281724e+00
5.152931549025855373e-01 8.945531975711603634e-01
5.640459502885670773e-01 9.740760897271116825e-01
