8.956511554601898073e-01 1.065337778334069174e+00
9.333279200368909123e-01 1.776650435455442878e+00
5.851026062610893419e-01 9.031463559240873185e-01
1.381437091134477546e-01 8.681941499825580610e-01
7.840984197022805580e-01 1.626407542835841546e+00
1.684556982802821734e-01 8.217232100457931843e-01
4.859977205167785863e-01 9.814564144473660878e-01
4.413871298205981342e-01 5.550668475422556591e-01
6.264899580025177217e-01 1.533523684249415986e+00
8.030834698229246671e-01 1.096836774000836456e+00
7.556673717554528436e-01 1.593395534367025412e+00
6.312651500267542071e-01 1.547302698327871706e+00
9.314618689572152777e-01 1.556747431221478628e+00
1.043111708186894582e-02 2.934734066781520267e-01
1.152119526850862163e-01 6.046753674111851051e-01
8.596381397128611823e-01 1.516974838786311786e+00
8.966409885015721448e-01 1.884731398811709369e+00
8.547305580558910432e-01 1.105770558259783432e+00
3.857961752886983620e-01 8.824709515435004148e-01
6.700183227832123833e-01 8.503086935454193807e-01
3.816015460246857671e-01 4.698629634950629574e-01
2.566559121714464542e-01 1.185229194800712760e+00
2.728342746192783386e-01 3.333411250629852995e-01
8.053895699010725773e-01 9.727715812339364776e-01
1.482904555052126927e-01 8.523815057712358367e-01
5.983925224823491984e-01 1.441280348050612670e+00
6.620897075498911599e-01 1.007527266627263884e+00
4.504738336833687962e-01 1.195608427316155797e+00
3.390060520856793547e-01 1.127857301899265696e+00
8.919413594185409133e-01 1.077723236409899865e+00
6.274236478235696302e-01 1.230804535439211644e+00
6.675782113849656474e-01 1.596408178795224675e+00
3.754095217641434390e-01 1.067196095663134336e+00
9.334546176619400448e-01 1.190827083716269108e+00
7.475931701983817845e-01 1.354104894631893430e+00
5.653880303783431760e-01 1.368949160159639078e+00
4.471674907973803847e-01 4.506963642950865268e-01
4.444239665825882035e-01 1.258859175034749533e+00
1.659819625138821975e-01 9.538688186667839686e-01
4.715071270520605484e-01 1.320588963022665041e+00
9.961291514723273899e-01 1.565144665294004644e+00
2.034322721781937071e-01 5.362907236725931170e-01
5.761967876464936245e-01 6.356636929103379741e-01
3.435195775396684414e-01 4.917784221748257023e-01
6.284108889871412584e-01 1.618693533757140646e+00
9.839695878900596160e-01 1.165861571524262175e+00
5.343385148237475013e-01 1.196578248919820009e+00
2.803944973679974861e-01 1.280158353933259274e+00
4.136783585951685493e-01 8.747911461956470180e-01
3.810937462837247214e-01 5.162639350417349560e-01
3.356399446492702721e-01 1.257054473500456737e+00
9.217822050013402269e-02 8.283798225657630354e-01
7.680511186417450231e-01 1.550497577763101376e+00
7.726214919320576469e-01 1.037500109801430703e+00
9.520629036954058044e-01 1.509027698868860679e+00
4.428217777248739662e-01 7.039436212282305094e-01
3.640384260248784587e-01 6.542464669332523908e-01
4.044379596973916025e-01 4.636266142281830760e-01
4.651781682463386192e-01 9.603612209932396171e-01
7.387898131963277493e-01 8.459939460010771350e-01
3.891449567027379652e-01 1.348146083892256764e+00
8.271277403509188497e-01 1.126096706608504361e+00
7.074621422697687789e-01 1.642367674690980994e+00
2.939865574048591279e-01 1.236461246208889087e+00
7.840183879341270368e-01 8.681377759950105188e-01
9.950003664279185589e-01 1.198067668700244948e+00
1.558987479515672181e-02 4.205599729849063273e-02
4.833069889834696875e-01 9.426770346222119734e-01
5.327053002267182480e-01 5.755126369642119544e-01
9.841016650370596475e-01 1.543106566242253841e+00
4.387379020990546108e-01 7.734627117550464392e-01
8.283700389191236413e-01 1.213828559423669518e+00
4.821633831762301980e-01 6.632850428695056255e-01
4.262145338923297722e-01 1.183993147189228434e+00
3.828331742329966758e-01 6.424311085309764024e-01
9.929937108684687708e-01 1.536853108455819239e+00
4.895917082099456863e-01 1.485079696884724410e+00
5.517044207851350412e-01 1.176418054167795768e+00
7.373853078583395559e-01 1.399815822636549356e+00
1.075186806113226368e-01 4.812203323854308268e-01
1.630625496400720520e-01 1.132275811715902858e+00
2.851456128979804605e-01 8.356587099973292743e-01
6.965965381240851739e-01 8.503756587691572166e-01
9.943688507059704751e-01 1.188086155021356616e+00
4.632951795677755502e-01 1.274667285748930512e+00
7.591654589864194058e-02 3.245252248586327770e-01
4.927661828075791117e-01 7.161907645757779051e-01
7.374780527995844492e-01 1.018432052688725609e+00
4.164658223996521302e-01 1.400494064095614277e+00
7.734940119301374484e-01 1.003785789947819085e+00
5.803878686485874905e-01 1.375255195251444906e+00
5.132312839187382902e-01 9.197599971539103247e-01
2.663003713211087309e-02 4.109035857259771829e-01
5.026467271783000568e-01 9.036181394933781030e-01
4.295548222573933872e-01 1.342182662564241902e+00
1.304143013500290715e-01 8.179452383899132872e-01
8.521357062404728566e-01 1.698988471105782327e+00
5.773778168876790851e-01 7.897727741890615549e-01
3.859364410167298587e-01 5.257946441700730444e-01
5.325981756020150559e-01 1.259104902977397522e+00
1.406741177937336218e-01 2.492897564724295689e-01
3.302633864275298370e-01 4.625516842255956718e-01
7.257635534123212384e-01 1.404635333252659990e+00
2.038674620926361758e-01 4.468814489297806558e-01
2.913569549759642552e-01 5.795964499907254597e-01
6.299685648029081930e-01 1.073184465873614490e+00
1.082218713372830043e-01 7.698012804335278014e-01
3.425311275988489612e-01 1.305764341212202195e+00
1.101353142061701762e-01 8.346858529967020601e-01
2.298401848791287172e-02 4.420055573909317248e-01
4.083378893274203225e-01 1.144427586650111905e+00
