1.708553823742500200e-01 2.119961024187738685e-01
8.884807154854060807e-01 9.999617281304319372e-01
3.540012735012429967e-01 6.254490462948979479e-01
4.741505165147789080e-01 8.873297855389820077e-01
3.402463772485998517e-01 1.287687277743081005e+00
6.588361604351981038e-01 7.733391008922329002e-01
9.842647081312684287e-01 1.506570368825317141e+00
4.979572606471849294e-01 1.161589396450912970e+00
2.542990803663238708e-01 6.698038797257923616e-01
7.713917170039576998e-01 1.015364273990540411e+00
3.294053994325673029e-01 9.805703547134045905e-01
9.293094403802423242e-01 1.811259492253221914e+00
8.935337478002520761e-01 1.164841822426876838e+00
8.692523539862605508e-01 1.715943521054394072e+00
8.575710436013952442e-01 1.303444362519437405e+00
7.230658956294382378e-01 1.571487406230120509e+00
8.485897435028160185e-01 1.795461454758707998e+00
9.759373224781986433e-02 3.073040904559360964e-01
2.941053045695748436e-01 8.140266493908944190e-01
8.840594307835646370e-01 1.484305667741821821e+00
4.367481554342712569e-01 5.076334970770557398e-01
7.034910876721678363e-01 1.646850621465868691e+00
2.987189834327824700e-01 6.494705114179537553e-01
4.293936977681884759e-01 1.273491064074867563e+00
2.022441028529533558e-01 1.004703068247798647e+00
5.495773024568091358e-01 1.100267243812080853e+00
6.977257023129165292e-01 7.102159940569668928e-01
8.121022733969252005e-02 3.912693837283178766e-01
1.848457697459633398e-01 9.928435113348439423e-01
7.553347022455401127e-01 1.274611300841898887e+00
4.253062398172702263e-02 1.211136333583183733e-01
3.479990834224919727e-01 9.547884251746401318e-01
3.001455625728648435e-01 4.530943503517212978e-01
1.234757392515934971e-01 8.462306261737606583e-01
7.279764557328363139e-01 1.343025013133795742e+00
4.341476293894981353e-01 6.490461682020707279e-01
7.257191242232741146e-02 1.531797230453892933e-01
1.087434805870158838e-01 1.739906202921641665e-01
6.085357854161268509e-01 1.527942462016957714e+00
1.016482547738718489e-01 4.616688293419742850e-01
9.322616528888549858e-02 7.042153931855005267e-01
9.801737161521886232e-01 1.279476287756521558e+00
5.049493589621784073e-01 9.649628899676346849e-01
9.830283984877709047e-01 1.548104256614553087e+00
6.669020086740358177e-01 1.469875563224010140e+00
9.943336692558797374e-01 1.719706246248282611e+00
5.548559661081338135e-01 1.199858465987419409e+00
5.733198512065760255e-01 1.454088022435297889e+00
7.610414927216625491e-01 1.000073875812800717e+00
3.864549835549975221e-01 4.768337622412621712e-01
8.342711023493477596e-01 1.167631619301745083e+00
2.461594043018989764e-01 1.132841330182798867e+00
6.602087182345406369e-01 6.765266781709481370e-01
4.093849659786097384e-02 8.979142727185932538e-01
2.829378732286957909e-01 7.591482832378451118e-01
4.385394841535623645e-01 6.770803040797817030e-01
6.920269816758647385e-01 7.158364502589334988e-01
3.094681472857790938e-01 8.467377826319490985e-01
3.604777050985550346e-01 8.138762921458461141e-01
7.268834879264585158e-02 1.057933156268503927e+00
7.108005366243000944e-01 1.399768776775534684e+00
8.033643242393506689e-02 6.683079856200083713e-01
3.643430417241152464e-01 6.754532495997048747e-01
1.204481424888637076e-01 5.627896908671276011e-01
9.766079738579165337e-01 1.223100334359138230e+00
9.984657567753225660e-01 1.559476082221404658e+00
7.478895600657814446e-01 1.746055566576637297e+00
7.883680762550874244e-01 1.133312414124778345e+00
3.830791533016916217e-01 9.350685151223173674e-01
8.342209849744139927e-01 9.275860372474489246e-01
2.066931898574546622e-01 1.168157816606783639e+00
4.829791119108574060e-01 9.144472750817898010e-01
4.625648956341673612e-01 1.242558732872332206e+00
3.487239484094973863e-01 9.035549112565617325e-01
1.245494469699909290e-01 2.787507858713043074e-01
4.033087464406898137e-01 1.255293416607426771e+00
2.269271544453659306e-01 3.432661360111745052e-01
2.215266852228170436e-01 1.175408738846918322e+00
8.129833352129478552e-01 1.301558349343914234e+00
8.461787002909191280e-01 1.717103276940186607e+00
1.709056934554787910e-01 9.099928069116843821e-01
8.746111041399184938e-02 1.054181032819666353e+00
9.363280405549607721e-01 1.547203563270261206e+00
6.976171706025345864e-01 1.171119511578893047e+00
7.209372415989295790e-01 1.097379739698765455e+00
4.677538148654072359e-01 9.343992771877713821e-01
4.373786861223385447e-01 5.167119942310453018e-01
1.836754676538105979e-01 1.028989391729122627e+00
7.321196914380349030e-01 1.726306067767267471e+00
9.208916097391481870e-01 1.296355764618710715e+00
7.833262930387234757e-01 1.034452554759982323e+00
1.167968255712619197e-01 5.742338843045314833e-01
5.384195898010447623e-01 1.064988955160635298e+00
7.321558063195727772e-01 1.084501916766420271e+00
5.438243151469035475e-02 2.381362388980080569e-01
7.871040573568951482e-01 1.714570031185323806e+00
9.668303366467557725e-01 1.399534974870524806e+00
3.226420976162752696e-01 4.272291548536729655e-01
9.192226586732817895e-01 1.228470315338379359e+00
7.468179221017456904e-02 4.708908946443777221e-01
4.819272050977045918e-01 9.902763365790308026e-01
1.243825737208016369e-01 9.033610559337380552e-01
5.559100760821806819e-01 1.006980188610004934e+00
9.403354398662775449e-01 1.251231183009968273e+00
5.447650137647787050e-01 6.486727656435309353e-01
8.373647412096500986e-01 1.119819903679367679e+00
5.606600874089928688e-01 1.531975795048729605e+00
3.264858615188070967e-01 1.163130169793304969e+00
7.325219240582188096e-01 7.554422166767296165e-01
7.682370522026551463e-01 1.689987601508923909e+00
3.613220759845222618e-01 1.304587760207494451e+00
9.872212166038297765e-01 1.835107363825101423e+00
2.648619002146608281e-01 8.511839800664229294e-01
9.339082132511583589e-01 1.699074617710078172e+00
